188 10 -243 -184 -88 404 201 -284 -291 330 -617 118 462 -66 -438 317 499 9 736 60 73 -813 -347 182 -13 68 -312 -569 -152 295 -373 -800 208 329 -38 1 325 -156 -645 -179 -83 269 695 -334 242 531 143 132 -687 -381 18 -275 -142 81 549 117 207 282 -85 -250 327 66 -177 456 -17 -228 -196 -109 -796 -394 -647 -58 -33 -1034 61 424 368 50 597 -6 
157 -290 -464 462 -267 237 448 -110 -307 199 -121 -260 177 424 47 -77 -479 -464 -313 -433 207 -234 88 100 694 -743 -46 452 -191 25 218 -28 38 785 -439 -338 -64 -475 569 333 -250 566 -192 266 60 -439 -332 336 114 418 -48 -739 351 -338 -167 177 770 -604 -92 -192 443 -360 913 623 -173 -393 604 -919 68 -2 -936 195 195 -243 -468 -105 166 -175 232 -119 
157 309 182 219 35 121 166 -168 328 107 -480 136 -166 435 56 381 426 320 -8 -308 435 569 473 -294 846 -2 -100 223 1230 -265 -277 -289 371 678 293 -441 199 -493 -31 -448 249 179 1210 -18 -146 -99 141 -1057 -438 359 -271 -601 190 -447 252 -11 12 388 586 -830 299 -678 36 -3 149 123 -663 57 -371 96 45 -717 -570 -82 734 78 234 -443 -13 217 
-214 -439 21 213 -429 148 -94 -154 4 118 65 -197 -86 -106 334 118 -221 -513 491 -544 355 41 850 -48 -10 -318 246 510 -448 343 -433 -583 252 308 122 320 745 76 -330 -229 181 455 -213 -96 316 489 -278 -129 -847 -634 206 -252 102 755 -580 -145 -14 181 -387 494 542 182 91 -56 233 763 238 -358 96 342 146 353 -83 -116 -112 -332 -349 203 21 128 
-267 -161 192 200 249 226 -118 61 145 -386 83 27 -356 174 -544 619 390 -245 151 474 -192 180 192 38 -323 264 461 -292 135 615 264 -360 544 -255 182 409 180 -306 140 -46 -405 245 387 -467 343 -181 -1 269 -392 505 768 660 39 29 125 -69 -600 -464 23 443 1 243 396 123 82 744 -239 184 69 -121 -120 144 276 35 -136 146 -675 -572 -38 673 
180 -189 125 -314 374 215 -131 -166 -156 385 -626 379 126 -41 231 426 223 258 102 -310 329 -706 -493 145 -416 188 -422 108 1 -24 653 -208 -147 583 -195 -656 -206 415 86 130 456 -36 -468 765 -51 443 -402 -454 -628 221 -580 -248 556 294 373 300 35 33 -295 424 270 125 -313 704 183 248 3 36 -900 512 825 -42 184 -836 527 -288 -688 207 -536 337 
-112 -47 157 -111 65 58 -33 223 26 70 8 406 27 -266 270 160 328 722 -32 23 168 -110 -108 456 -906 142 -102 126 -534 120 -81 -18 -867 61 381 -113 -208 -190 126 345 900 133 -177 -519 269 -143 535 561 -57 -222 19 498 -48 147 428 -6 28 -17 433 70 409 659 -171 432 -32 252 203 -97 318 -265 167 -200 -447 -4 348 21 14 -98 179 -237 
-36 231 -160 551 -565 -324 -296 -581 -210 393 -192 -241 505 63 -14 -74 -312 -824 138 -160 -762 -243 -349 173 -252 -637 -153 271 1 -1086 361 83 411 -541 -340 -236 64 90 -96 -205 -313 321 51 -203 1016 320 -165 370 -219 -40 -367 -137 181 -178 977 210 -313 72 -102 504 460 -98 -549 167 -281 -22 -117 510 344 529 -158 -6 -642 451 -998 282 993 221 542 579 
-609 314 -264 667 -273 325 701 255 477 34 -86 -82 -249 263 -182 239 36 602 -442 -200 314 102 247 209 101 -164 -176 -374 398 -23 177 -151 572 185 -164 -303 633 -1333 177 284 -37 -115 970 85 153 -235 -50 -74 924 -40 -373 -305 225 -738 378 319 59 -320 372 -131 733 -49 257 34 -309 -497 -167 122 223 -536 -574 -1 87 -512 -144 -400 789 -23 184 83 
-104 220 -129 24 0 23 452 -120 -135 -6 -436 -163 459 -342 245 -308 -180 -255 109 302 -103 86 259 420 484 -193 -255 364 265 -719 -415 -444 653 389 260 183 -397 -4 -642 -91 -490 -44 19 377 432 615 289 490 964 388 -407 -132 138 515 545 196 -84 431 83 -126 -483 -291 243 300 17 -119 255 495 -280 283 -694 500 44 -313 -418 -153 103 10 -681 347 
272 318 86 133 52 -157 -374 9 -100 -227 400 49 -840 184 -460 -207 162 -223 -251 577 -502 -189 136 176 346 -315 -651 176 783 -519 -50 -117 651 -483 -95 -62 468 -51 -600 -14 -127 -309 -83 22 -350 -292 -226 -723 0 344 455 225 -52 222 -244 -732 -468 787 -100 -182 -1078 473 -472 -153 -300 -35 3 723 669 471 -538 -125 497 672 301 404 -253 -204 395 -3 
70 -94 98 223 -122 -241 -128 215 -518 -290 410 -12 -229 -179 -92 -351 -142 -552 90 585 -513 32 446 138 290 -789 -636 388 -247 -504 -193 -481 34 -161 100 441 -779 -32 -486 456 -240 251 68 -182 73 -217 119 134 552 -342 118 724 -301 -398 -238 53 -12 -541 58 -259 85 -237 -516 136 -140 54 -283 89 -42 261 -356 -416 162 368 -64 246 858 -191 115 174 
-110 163 -8 198 120 -199 -91 121 -228 -198 -9 -252 300 -303 298 324 35 246 -405 81 565 -13 -212 285 -940 -90 -185 -93 251 -151 214 -52 -77 43 223 467 527 -164 660 243 -151 478 21 27 -56 -399 -963 -194 -203 -548 -653 297 -210 -762 142 490 -1111 -347 86 558 631 646 69 -244 -808 783 232 -70 73 568 -181 714 -666 -131 399 327 94 -252 -6 -123 
-400 -37 209 166 205 -24 128 -51 159 35 0 646 -533 -327 378 -272 -159 -373 -211 472 290 467 459 458 -130 170 -51 -173 523 -14 684 -393 493 -205 72 122 670 -310 -485 910 12 682 -207 843 -258 30 181 -58 -49 -803 -6 621 166 -82 -129 -420 86 -13 388 -547 -55 -285 -201 227 -84 -92 51 164 30 -379 -359 391 -82 -30 -114 -112 315 -386 239 264 
-312 33 -154 -194 27 -219 -27 72 308 0 350 -258 -4 -213 141 -205 -837 -393 -274 -305 -114 -76 -397 50 30 143 688 -477 -285 147 -327 43 -24 -602 -323 -474 201 -137 330 379 227 -65 -35 -432 242 -408 -71 701 272 133 -324 155 149 232 -428 208 458 387 -840 -561 199 -309 -216 464 -18 102 -521 318 -212 -178 439 38 155 23 -295 -220 279 236 169 -129 
202 -235 46 -402 248 -44 312 -126 123 7 -70 -39 538 545 -212 -732 -337 -32 -541 -2 249 370 -337 -370 663 -51 62 259 309 466 -36 576 129 117 175 60 67 101 -18 209 -704 -229 45 -17 486 -110 739 -28 -230 339 123 -472 164 -212 38 -133 425 -174 144 312 -851 -463 464 163 -175 -422 601 -381 -21 -711 -317 136 -240 498 -332 467 356 699 -221 -495 
-177 -186 -304 -58 560 -77 222 288 -23 -534 4 -549 -126 -125 -425 25 128 -31 209 53 170 272 55 183 -301 -91 74 -738 407 417 -21 -20 105 -103 -75 -574 220 -188 -269 -19 -667 -105 210 260 260 -251 -284 297 405 -64 124 421 -301 -47 538 -141 177 -46 -516 73 -215 55 424 527 -413 -537 230 -427 -150 -487 -528 -680 736 272 -695 -130 -231 -283 -59 162 
-227 337 287 478 -67 272 141 63 342 175 107 401 -445 542 -72 365 438 324 -39 217 39 12 496 -21 188 314 -147 84 148 5 102 127 38 49 153 365 -72 -398 366 -475 -335 -49 261 264 -108 511 -264 -656 -265 -423 105 -368 32 -179 -178 -110 -199 -310 716 -747 315 342 -158 -485 59 455 -420 -8 250 180 26 -109 -1020 24 425 47 -106 -9 25 673 
-224 -344 4 62 91 15 -277 -373 115 -243 -224 -224 -83 -386 107 -486 -482 -530 99 -530 458 394 -10 -226 -127 -214 17 -48 126 -170 -184 -687 932 163 287 -122 134 43 -484 11 -157 365 -174 -21 -770 85 301 -179 -228 323 606 -279 -49 11 -263 -400 231 -109 -357 349 -35 70 -608 231 -766 -214 -34 -439 -121 90 -42 -80 357 103 -306 498 378 524 583 -207 
-385 460 228 2 123 -32 209 216 249 17 -321 298 7 101 -191 173 -120 813 69 -263 -540 -474 -321 36 -143 -202 -132 323 -193 -429 -77 192 -442 -469 -544 -238 88 61 -346 -172 -166 -352 -149 -238 -344 253 -552 192 365 92 -55 -95 -231 -32 -588 -52 -30 199 -340 -442 113 266 -34 232 -335 -387 -734 -55 77 -218 -335 -474 -1076 -123 151 -391 725 -50 179 264 
313 69 -455 110 -476 461 894 -432 643 60 -176 -399 11 -44 -342 -701 -78 161 75 214 499 408 -417 -280 428 -45 -237 556 488 833 779 516 332 14 631 112 148 143 -282 178 -25 -213 337 193 -233 187 55 439 -24 418 -269 -611 210 406 796 559 -22 111 -406 95 -762 -407 -119 346 -611 -346 731 281 46 -222 -307 885 1132 -605 -878 485 292 -278 313 -670 
-195 -120 487 -230 380 119 251 -168 464 -93 -358 510 52 -26 -297 -111 246 325 72 135 352 688 -121 -73 185 189 100 465 -322 268 -9 148 232 75 1023 171 -458 384 89 52 24 1229 -38 45 -98 46 295 302 -236 494 676 627 -324 -145 -19 -140 710 85 306 -48 -325 15 -529 -130 -193 208 19 -698 -522 38 -34 -219 6 -31 249 410 -12 -493 -360 2 
135 231 441 -56 112 379 393 -370 407 -214 -371 -12 151 -7 -436 -524 -101 423 -204 -317 -400 434 -425 37 437 314 -90 553 937 -18 312 -442 -200 211 847 -19 234 843 -958 -265 -140 64 -106 -117 594 125 723 88 -767 601 392 -610 1 600 177 -427 337 36 370 -305 -414 751 759 331 136 900 -583 -158 -14 -353 -528 -168 -344 45 380 682 -357 788 783 -359 
193 10 -354 -35 -231 181 -83 -312 -112 186 -174 -19 56 -370 503 -452 -63 -366 324 -276 256 84 312 68 123 167 -27 328 -41 303 -97 -182 -281 452 -96 -240 83 -107 -83 -259 42 -71 406 36 -443 138 307 243 -76 528 -103 -5 244 431 -63 -13 85 -411 75 69 -147 109 295 485 -153 -601 -174 32 155 -399 141 381 442 -284 -256 126 -136 -111 53 -356 
191 -425 77 -115 -728 187 -22 -292 81 398 199 -177 248 -184 76 -502 226 3 223 193 -343 -142 -38 447 4 -957 -531 363 -40 -424 -148 -359 -25 -81 193 138 -370 181 -69 663 240 549 -371 -141 36 348 740 -687 -579 -667 85 29 -320 -202 -340 -160 -224 181 -187 -138 273 300 -771 30 -24 212 82 745 -59 -504 -655 -792 -133 -478 -7 178 164 437 -358 -601 
281 -253 -134 520 -751 -95 65 -65 -196 36 136 -539 -8 520 -208 654 44 173 131 -247 60 -155 -39 -445 25 -914 -56 453 -231 -25 414 153 126 222 -320 153 -61 307 631 -303 76 18 -17 -439 351 -303 -835 417 -617 -44 -91 -468 -873 -265 -286 490 -736 158 -326 62 912 -423 112 -558 -112 -163 702 -324 559 -457 -537 -305 -444 -147 -83 308 375 2 -150 -324 
-314 55 84 14 462 137 12 291 -211 -342 -104 5 -253 30 -293 243 -240 235 -41 70 335 178 53 126 87 17 -538 -96 71 -564 -379 -925 724 45 335 434 -187 384 -290 -165 -358 237 27 307 -40 222 99 -153 158 -425 -91 -59 -140 -799 -77 10 -260 43 -77 -96 -771 -188 166 -344 514 294 1053 -44 -423 -43 -132 68 673 103 -138 -269 136 -66 -114 233 
505 -100 113 -28 -384 145 24 390 -305 -114 236 -202 278 139 -1080 355 217 76 63 125 -378 -193 -314 -68 743 -126 -885 569 -382 -302 129 -428 -175 376 59 -94 -41 351 148 -299 303 -469 161 -464 312 10 -268 351 60 363 -669 -558 -699 27 -158 581 -676 -242 -166 568 130 -521 -81 -763 380 168 260 -162 -847 637 -323 -153 465 -140 111 258 -252 126 -265 -217 
295 -34 157 -160 -244 10 -92 167 111 373 316 300 -412 684 186 285 -137 -12 -246 258 -396 -712 -336 130 321 31 192 -75 -666 -267 -77 225 141 112 137 44 -419 -560 650 374 681 -482 -246 -36 -222 -2 -297 -438 322 -395 -327 -64 244 302 116 -334 114 -186 533 -247 -692 -299 -423 538 299 265 238 709 345 584 374 810 203 119 806 294 -430 567 -71 224 
-186 97 150 468 -149 25 756 543 403 -547 230 -361 -286 294 -726 374 297 577 -34 446 110 245 106 338 183 -409 -271 110 298 -77 331 -383 555 106 914 274 -223 -630 -319 325 -320 -227 718 -458 776 -492 -115 131 450 -228 -592 361 -275 38 242 831 -291 -705 39 -78 204 105 -256 296 -344 -208 403 -185 -75 -98 -508 89 -35 -419 303 141 45 98 129 -243 
140 -231 -371 126 -661 446 360 188 -9 -185 -62 -338 145 -67 205 -278 143 26 -379 -8 127 123 275 187 -500 220 -132 162 156 506 -202 -19 -211 201 327 552 507 -77 527 199 -150 -68 -8 -177 462 458 -331 -528 363 185 -315 -277 357 -446 -94 455 139 -26 -371 91 -162 500 632 163 571 529 247 -103 -10 -333 -96 -232 -196 -143 223 -988 -246 188 -79 -526 
455 -456 22 -8 -205 -819 -485 671 -343 -479 314 -261 -381 167 468 223 215 -230 -637 133 133 112 -195 213 -144 10 -425 126 -507 -471 -297 4 194 109 -2 -402 -55 -250 254 -590 457 144 591 -526 -110 -613 -665 177 12 -556 -678 328 -680 -162 253 77 -715 -339 556 155 -219 -418 -714 -486 4 181 362 887 104 390 -166 -875 -75 582 -180 -322 -281 -3 -374 -464 
-14 -386 -21 55 -68 323 166 206 -15 118 80 235 -68 422 -55 -28 -24 29 -45 230 421 -571 30 -442 182 -160 -18 -122 -347 829 86 150 285 124 -85 125 -100 -390 -340 111 451 -566 -677 36 -238 -111 -262 -82 -64 -240 -200 -179 410 120 -850 -4 354 -459 -337 -184 52 6 -114 -167 93 393 214 -568 -29 -318 -82 622 -149 -462 -34 212 -527 -252 -310 207 
301 75 68 634 -226 -71 112 -69 -303 141 48 -52 169 183 58 29 -63 -374 -24 202 -107 71 -68 -36 238 -49 -261 19 352 -990 68 -39 -97 192 303 718 -720 452 -109 -333 33 -98 -951 574 265 7 -61 441 -190 -582 -233 -238 -467 -290 774 -142 330 -299 764 221 610 -525 -146 -272 505 -178 24 246 166 417 184 -198 -669 94 405 -541 290 -1 650 605 
403 -229 -66 98 -269 -6 -131 124 -168 -307 -306 65 -41 -102 239 -671 -221 -570 -441 280 399 356 61 -408 -46 -3 104 296 465 -201 -638 219 -192 33 894 -186 157 -23 499 -545 74 607 -456 -214 -553 181 -325 -113 -27 798 -333 -459 -110 -260 6 603 125 374 -107 -453 283 58 -37 107 -178 -289 358 163 -249 440 621 -685 437 542 114 -713 5 -224 -240 -754 
-478 -160 -278 -114 32 300 -117 -202 -331 277 -154 24 -305 -96 892 42 -423 -14 604 -852 68 -84 901 532 -21 -160 -185 349 -849 187 -374 -363 241 480 -624 -157 -37 552 -398 -192 -3 35 -145 440 41 566 -12 -63 109 -164 372 250 -35 435 -1045 -436 256 115 -790 -404 142 503 361 325 516 -225 192 216 689 -399 -377 521 -429 -785 155 -309 -9 502 421 -244 
-242 259 150 -298 -334 -26 -420 -111 467 629 907 204 221 -335 260 -234 -739 305 -543 -47 -161 -124 -110 -51 -223 223 690 -260 -186 -514 -213 120 -31 -1227 510 89 97 -659 336 190 707 -897 -669 415 -952 116 -120 -176 -77 -356 -62 317 103 39 -855 139 -130 -658 399 768 415 -5 -194 -692 122 590 -649 73 179 -181 -229 72 25 931 582 837 -165 554 190 -479 
36 14 144 -297 434 -261 -65 354 -59 -585 -280 480 -225 -102 57 -236 346 82 -289 383 -32 242 -73 -619 -387 363 -85 -281 -38 389 184 -47 -403 -312 -64 452 -174 -151 -415 401 -320 101 375 -267 -221 -276 551 -616 602 -56 262 254 -62 -121 3 50 189 237 162 -130 -648 -394 307 634 -377 252 138 -692 -670 169 269 169 309 181 -393 191 72 -612 -349 -382 
-108 342 59 -84 -21 299 80 -5 -189 359 -299 793 509 18 -40 -399 33 18 -140 303 -48 61 502 -7 444 173 -452 492 -427 23 -506 127 -118 122 494 -84 45 -337 -501 -941 -105 -121 57 -167 391 34 395 145 221 242 -281 -58 -369 -132 -923 572 -48 219 564 -372 470 510 225 118 15 -278 243 -314 -69 -329 -297 -90 -452 -140 792 677 68 -269 -674 -198 
9 282 -122 -269 292 115 -69 234 -54 -134 175 -496 15 -135 -242 134 14 184 186 -161 -260 207 315 691 -50 425 -276 -199 1039 -35 -391 -345 115 178 -265 -210 663 23 95 -188 -236 -871 810 729 294 227 -188 -161 163 46 51 94 684 159 285 -238 -98 -199 296 313 -439 -94 724 337 851 -5 -303 497 111 -27 112 -269 730 -375 -381 -606 -860 -65 445 319 
-308 399 -509 -5 247 -23 -415 -236 -298 429 192 361 -514 -476 999 159 -331 224 -303 -350 129 -218 718 49 -190 201 311 -135 -575 191 50 749 -419 144 -891 95 156 -306 -28 -191 -534 -417 514 109 -1112 158 -763 -471 429 -161 190 -285 -45 -161 -680 -324 348 -445 379 30 -38 554 307 -547 590 -268 249 193 1387 -478 -176 633 -258 42 465 -69 -74 -63 725 -199 
-316 245 -266 241 -234 -163 77 602 -200 -494 352 -42 -172 -263 -103 297 93 204 -284 179 -80 -252 472 -176 -545 790 516 -949 -382 190 16 -36 -223 -4 -155 654 546 -653 257 492 225 -305 487 -629 198 282 -244 159 439 -328 -335 126 -247 226 -481 366 34 94 397 28 789 60 413 -406 -49 295 -591 -39 595 -420 -212 374 301 -226 -306 -572 -143 75 137 -276 
-348 95 -268 484 -491 189 75 -74 -51 125 -85 -401 15 261 -89 326 157 49 433 -561 84 -261 364 387 -147 -176 -115 -67 -203 -325 -168 -632 631 39 -286 -182 515 -402 108 -210 -358 144 462 -226 613 159 -279 -675 186 -379 -818 356 -339 -881 -119 460 -640 12 -447 -338 334 29 58 -289 -370 204 -228 -328 548 277 -497 -280 -320 -614 26 81 -159 1157 67 126 
177 234 328 120 42 408 -137 -323 227 -55 160 172 -308 -667 -432 -95 374 115 286 183 -420 418 422 -167 -172 247 -191 536 629 -284 690 -509 -788 282 27 852 2 460 -12 300 -161 273 -67 -472 -25 32 626 -348 -365 14 655 -139 -360 375 -63 -305 28 403 249 144 70 707 258 17 -249 396 -1092 -345 199 174 -377 -40 -171 211 235 194 105 -92 53 -397 
-192 -464 -211 -68 -77 481 585 262 765 447 554 -140 270 -213 120 -310 -102 359 -294 -358 896 283 687 47 64 -96 446 189 37 557 -510 350 -1058 212 536 460 140 -165 498 853 361 278 -427 -759 162 760 154 450 -501 118 -448 -84 25 680 29 415 1031 237 -30 -467 500 -43 -277 -537 -230 225 -268 -653 -118 -12 -46 -294 260 -200 -314 159 -188 294 -325 -1250 
53 101 88 221 147 -84 380 418 499 -8 -4 122 -468 928 3 554 22 116 15 -332 126 268 111 -361 427 95 104 -517 533 481 -25 -40 -339 -225 352 -244 -130 -55 -64 -418 238 -35 480 128 -215 333 -402 14 -460 172 356 -426 364 223 -161 520 915 -459 286 -844 302 -163 -102 -57 -208 86 -588 -267 27 -19 -294 175 -10 239 -380 417 217 489 -281 141 
-439 267 150 312 288 -21 213 130 405 -473 -540 743 -691 382 -41 -214 100 6 -397 -181 -384 357 490 -376 -125 155 240 96 729 312 290 115 -67 -281 -255 -28 569 -341 -344 88 -445 380 84 -151 -223 755 -180 -334 -346 961 327 -250 747 -320 19 -592 320 -324 62 -776 234 524 605 58 -90 -301 -387 -355 248 -418 -510 -334 -598 155 -59 -105 332 56 19 309 
364 499 77 -184 185 3 133 195 -831 -75 -644 413 410 -1 -276 81 589 432 579 624 -193 -379 -261 370 -95 -47 -805 -20 120 -458 -350 -188 -388 17 31 16 -183 442 -253 -254 5 375 -396 380 -329 -4 3 -394 480 191 -111 114 -581 -279 -50 104 -558 528 -29 -331 -656 -196 -268 215 -78 -531 160 -506 -623 -152 -194 233 289 -260 809 -173 326 -336 -269 291 
-26 310 347 -98 105 59 222 -245 -28 89 -593 226 -147 237 302 210 498 922 790 146 73 -288 24 592 161 -313 9 435 561 -52 46 -229 191 542 172 -335 75 183 -1031 -552 -80 19 -185 422 -103 365 -17 -335 110 -993 -525 345 -607 111 -325 -194 -245 -20 276 -337 -502 83 192 102 -58 -55 -82 -19 -16 -449 -157 496 -64 -365 353 419 -99 293 253 631 
-154 197 39 -10 20 -167 -42 319 -66 -194 -103 210 -512 406 21 245 189 492 -6 -304 -669 -309 126 502 -119 -254 -463 -13 373 184 43 -159 338 -62 -490 -175 441 -187 -614 209 230 -311 544 28 -433 966 -428 47 129 12 326 -370 598 55 109 -203 -42 -830 150 194 437 515 -118 -217 85 -280 -178 -131 617 -8 -651 407 63 -720 143 -66 34 -373 313 389 
61 151 -310 576 -625 -31 1 31 -181 206 423 -371 21 253 369 167 -86 -372 312 100 457 182 491 273 99 59 -419 170 -329 -116 -12 110 168 69 364 57 -513 -164 500 -606 159 -382 53 633 -220 95 -575 -275 -179 -979 -571 -29 35 -143 -144 699 -643 -663 70 -119 127 -59 -487 -161 305 541 -204 -205 322 919 6 247 -102 760 341 385 40 644 323 602 
355 23 -248 49 -2 246 304 -16 -420 -153 -267 -229 730 121 -397 -182 228 -467 446 533 224 156 291 -190 534 30 91 -258 138 -351 -963 170 -19 376 425 122 -191 -308 90 -396 -274 17 -271 186 -141 72 631 146 42 913 -162 502 37 -77 124 287 40 197 -28 -240 -531 47 483 227 -87 -47 387 -440 -333 216 -319 -147 166 476 400 748 -482 -382 302 65 
45 -42 -152 387 -73 210 437 575 -252 -822 -121 -6 37 48 -456 -140 593 432 -575 340 315 199 308 -376 -387 558 -150 -409 319 505 21 -102 -105 -98 641 644 40 -249 283 115 -178 579 217 -355 148 341 -166 -25 -64 120 -397 59 -547 -542 250 -396 19 -734 868 -293 439 380 529 307 41 191 95 -1024 -443 -652 -617 -163 -93 -250 233 -93 -563 79 -152 -287 
140 429 17 384 -30 -319 531 -90 -205 -355 -440 133 116 86 69 -259 -92 -418 -123 418 -56 808 84 66 498 143 80 162 532 -382 328 632 -35 170 294 -185 304 -185 -325 -161 -566 629 78 529 260 -118 76 -12 318 325 -762 27 221 189 612 110 -115 344 418 31 -918 -739 455 307 545 -175 161 -121 110 728 134 302 -254 40 230 -229 31 -410 343 -163 
-10 233 -259 -111 -83 104 244 -130 -85 110 -232 162 429 -203 361 -81 -18 124 -115 272 222 97 253 -131 -513 275 562 -12 113 708 -287 250 -328 -324 36 501 7 -88 124 -96 -853 -93 127 -81 -76 191 -373 -46 479 359 103 -386 214 -91 80 932 26 -25 447 12 7 -297 1261 490 -191 -391 465 -816 -179 -339 150 471 -241 389 658 -353 411 -572 91 64 
-330 459 680 -30 399 41 278 45 568 -341 -475 419 -265 130 -330 -276 -124 337 -480 336 -175 -183 -986 -93 -45 372 -143 -250 813 28 401 -650 328 38 144 154 429 -15 -191 457 -286 -349 -6 520 -265 108 132 -883 -178 -197 281 -471 -13 -148 98 -376 -193 429 312 -509 -527 13 268 96 -53 494 -459 -65 -476 -480 82 129 -284 -163 114 -457 708 -130 285 803 
52 273 159 61 -236 -104 6 -125 -148 -20 -366 241 -46 156 -39 64 -60 -177 -114 516 -264 -474 -610 -47 -173 -149 -96 -126 323 -30 438 -179 174 -99 -353 -260 297 456 391 -85 149 -25 -125 571 -138 -211 -588 -367 -382 -174 -275 -265 -319 395 -110 -40 -954 375 -284 -157 -233 58 -317 624 4 518 -112 341 -223 -283 41 436 -70 -1 36 -313 599 39 19 873 
-19 30 -78 91 -588 80 273 222 -341 -424 29 -296 264 -138 -121 -619 -545 -280 -254 176 -488 -340 49 -237 171 41 340 -12 -70 64 -275 -355 447 -398 27 429 797 -209 -248 -148 13 -366 -371 4 124 -29 -395 26 543 -463 -268 -469 -755 77 -1207 27 -451 101 -711 -153 125 327 36 522 241 440 -2 -472 -677 -487 -408 367 158 -341 86 -642 73 335 307 -244 
175 204 -308 323 33 276 260 -11 -119 258 97 -475 466 -87 -321 36 119 67 254 -391 331 -195 64 142 579 112 66 -236 383 -180 -576 -436 -188 308 621 530 -134 -178 211 58 60 -225 158 295 -63 -251 205 296 185 -312 75 -293 -180 -362 318 -26 169 -185 -15 -96 116 -109 -129 -166 -310 -384 -37 -564 -112 334 306 -666 -171 -414 -505 -58 -237 101 304 607 
-233 130 153 371 426 -149 30 38 -100 -16 -126 -328 325 276 26 245 -234 -208 1 -140 408 458 15 -7 263 -215 -610 94 91 -681 79 225 234 337 -73 -418 -453 -209 407 -571 -357 -179 -102 795 282 -873 177 143 -25 -169 -29 248 192 -263 110 20 27 -182 493 -76 -211 -166 73 -86 62 330 -274 -286 540 249 -276 -519 -493 76 -11 -420 428 -6 37 714 
65 -238 -354 171 116 537 132 -78 -502 593 -36 139 738 180 -152 -111 -50 -857 340 327 555 -45 784 -117 388 404 86 -597 139 412 -825 123 -18 184 21 509 -204 -152 144 -39 -329 100 -295 36 382 199 410 141 -215 0 -66 7 284 -128 -174 573 792 207 321 -130 154 -370 -178 261 -364 -39 -42 -58 12 120 452 -322 273 354 -122 113 243 -204 354 -232 
103 -95 -64 -206 -208 -247 -34 -53 -223 -54 -118 54 240 -11 342 -586 -195 -222 -56 -266 -454 45 84 130 182 -187 -29 244 -34 -162 57 105 394 106 219 317 -172 -55 -335 780 418 -22 274 190 184 325 144 -427 125 -55 224 393 191 11 -108 -282 128 -152 -15 258 469 -500 -58 22 99 -456 -178 -209 23 -23 -455 8 -55 -275 -162 119 -66 203 -210 -255 
36 695 -237 60 101 471 501 -191 668 397 -315 82 -71 235 -153 398 -289 934 134 -696 171 -329 -510 -599 336 645 495 -303 206 -339 292 385 -506 53 548 154 142 98 434 -2 174 -1047 753 579 -493 669 -393 -146 -326 576 -530 -204 131 299 258 120 207 337 -392 -827 -244 224 535 369 223 322 -729 159 86 -7 473 601 -108 -258 -211 860 -413 492 -237 50 
-332 185 269 180 558 -278 -548 47 -273 -169 -137 -2 -54 185 -254 822 327 -119 509 -353 35 -34 334 -75 89 161 -28 -321 104 -181 -91 -563 571 221 -101 -154 59 80 -310 -579 148 239 503 26 227 -140 -328 -174 -427 -401 423 203 -257 -533 -311 -390 43 -28 -13 495 386 -119 -233 -827 -99 805 -665 -23 -268 434 319 -518 52 103 73 512 -713 -111 534 872 
229 -3 4 -113 -46 141 -165 -415 174 652 172 -67 -55 104 85 32 65 83 227 -266 -181 -287 232 333 342 -457 -95 712 350 -81 311 -182 578 -41 101 122 -433 54 -274 -290 186 -323 -444 -153 -194 213 16 -450 -305 -140 473 -215 79 -161 -217 364 -82 -240 -16 -65 -371 -368 -292 -482 -411 -1015 297 -230 177 -253 -215 9 16 -81 153 636 -206 30 -498 218 
376 -333 -187 -71 405 513 -152 223 -514 100 313 173 -278 -334 -359 -283 -171 -556 86 497 365 -382 463 19 130 173 -424 -245 60 178 -34 -377 61 438 162 -174 -189 43 7 389 576 -332 -504 314 -98 -556 -418 -76 -132 166 -268 458 -513 993 -4 -160 167 127 622 -489 -212 -319 353 575 -235 -198 762 -570 -358 525 222 -204 1250 545 -366 210 -830 -364 397 185 
-373 283 -335 210 226 262 65 -334 -338 394 177 -57 52 467 -177 109 -555 -377 357 -471 -644 -349 536 351 581 352 494 11 70 282 367 86 383 -622 -738 -114 197 759 -403 -365 -844 -266 -225 643 535 308 -690 275 -35 -115 498 -423 348 -140 -172 -619 -97 -597 -600 52 67 -346 1155 -80 656 -354 -408 -49 313 -449 -594 131 -261 340 -10 83 12 760 728 1100 
-17 -186 334 237 -129 103 180 -276 472 -512 -329 -550 -6 267 -500 -347 424 84 80 668 77 115 -264 -327 -58 -839 -263 363 809 -382 -73 249 960 445 234 1 -91 -206 215 -442 -620 417 20 -219 217 -32 345 -605 -81 -298 286 -92 -521 -102 387 -182 -113 526 -135 -472 -171 387 -188 -409 -553 483 -358 271 -118 -234 -386 -46 -658 -55 -38 320 -267 -67 35 274 
118 159 -37 -119 305 193 68 -222 -173 143 -124 58 -189 -124 1 20 10 25 882 -25 381 180 509 -185 579 -218 -301 264 -114 -219 -146 10 -286 655 -14 -168 -156 199 -338 -201 -12 -3 384 481 -62 -258 204 -432 -78 -45 -158 558 84 157 114 -244 354 347 -525 -325 -560 -169 156 -87 151 256 240 -103 -465 155 372 225 308 -6 127 50 -325 209 148 -310 
-192 -19 401 -22 461 -31 -421 285 -308 -157 -208 318 -480 271 190 596 209 -15 452 -191 363 42 185 529 -282 540 -215 -382 138 17 -249 -1177 260 195 188 -81 543 149 20 196 268 -22 141 501 -176 50 -19 -500 -1058 -469 -1 661 -325 -66 -184 -717 -823 -294 513 -349 -255 -45 399 398 47 549 51 -456 387 414 -240 -492 152 530 -39 -197 43 173 -122 566 
356 -218 -39 176 -392 380 83 -323 -169 173 176 -765 292 89 -194 147 72 -377 485 149 124 36 290 152 428 -378 47 546 676 32 535 -281 -176 712 164 -97 102 213 964 140 61 -187 -246 574 540 -434 202 41 -116 -182 317 301 -352 342 -435 303 -303 387 -355 104 -57 -142 525 458 514 336 -446 -305 -235 -336 20 -25 404 210 -484 303 -510 -41 238 281 
198 232 -482 -32 -405 604 14 -521 -61 743 -588 483 414 -282 379 -99 -127 -185 -185 -145 419 -699 -86 -1053 -582 449 -81 -598 -362 319 -355 158 -450 -502 87 346 260 -233 446 -211 136 -174 -111 146 -337 408 -451 -546 -384 109 -237 -709 208 291 465 100 490 751 -247 -343 615 769 192 639 269 330 -255 422 174 -509 795 86 -463 -277 410 0 389 287 169 -889 
276 250 -126 467 -357 149 57 -121 -277 -187 101 -321 304 -310 -539 -411 41 -355 -194 305 -353 637 -97 212 427 339 -653 265 -2 -741 434 459 251 208 663 163 -190 289 -77 -272 298 331 -46 117 492 -747 -95 72 -13 -51 -354 -161 -235 19 368 -290 -534 -58 873 -85 -341 -374 -29 -374 365 303 -28 511 246 354 -277 -128 203 57 -406 166 -1 -173 445 -348 
208 -306 295 -133 88 191 150 -30 325 215 11 -197 271 594 -283 -35 233 318 -208 14 237 -494 -433 -358 479 161 127 -43 432 363 155 509 239 153 -24 -173 211 -83 263 -9 91 -485 -191 101 -47 117 340 158 -158 -149 -104 -153 -13 372 148 -192 401 -76 110 194 -284 80 -483 -236 -25 -14 -427 -109 35 -88 321 -442 -657 120 -395 219 -614 317 -115 280 
-38 31 -292 278 122 370 296 194 -327 574 498 -370 501 325 -195 162 -363 -21 151 -559 84 -385 271 713 614 -150 -295 182 164 -150 15 -176 -701 419 -344 82 -179 216 549 639 532 -276 -519 557 462 -161 47 508 -128 -429 -41 -58 171 -373 -802 202 391 -748 237 -109 343 -133 195 -246 216 138 -181 -499 262 465 -546 -191 302 -159 -216 116 26 327 594 141 
3 312 190 -246 50 -120 -185 134 -113 86 342 186 174 -13 -125 -64 229 650 -500 263 -550 -452 -69 324 -267 -61 -386 438 -87 -338 247 287 -30 -125 -704 303 -199 60 193 154 -286 -340 -270 -105 219 -54 -153 -441 618 326 -94 -33 205 106 -449 169 -272 -189 676 630 -356 245 305 -396 -86 -237 513 -245 -386 -37 -480 -228 -451 -258 491 152 -566 -82 -493 11 
-363 -279 716 -659 773 -563 -410 278 509 114 425 524 -275 222 403 93 -310 73 -441 -30 -468 77 473 150 -112 -34 758 208 58 -142 -133 201 73 -8 -228 -51 -254 120 -593 23 -12 -264 -495 -406 602 220 214 95 -69 -62 222 555 1053 553 -293 164 905 -127 322 163 488 392 -256 -245 7 -513 193 127 685 -209 -271 -3 -495 362 -414 381 -366 111 -655 -88 
371 264 134 182 -327 131 155 14 -9 362 256 504 -152 612 -886 213 55 -101 490 99 -578 -3 -87 322 689 543 -137 166 -343 -267 427 153 -149 288 388 -54 120 161 -293 -447 69 -562 91 3 668 574 293 528 -223 296 -297 -337 -126 748 207 829 -179 4 284 809 -162 -400 268 44 56 -447 344 -439 697 660 175 220 -137 1 48 317 228 159 367 240 
43 227 9 -142 179 -168 27 386 -233 -392 -101 360 111 38 -154 -200 287 272 -52 375 -101 -13 -427 67 -551 625 -208 -43 -363 769 2 403 -774 -472 50 209 96 255 -127 -109 -46 297 -19 -140 -189 -258 -370 424 71 79 -18 207 273 -468 -31 -87 -474 114 278 171 -16 172 520 -76 -519 299 503 -148 487 200 394 467 449 73 -632 -129 -303 -286 415 -227 
-384 239 -330 306 171 -401 139 -109 227 -49 -371 -72 127 0 662 -207 -336 -265 -246 -722 451 311 -15 -340 232 -22 303 -30 -184 -121 -171 514 -324 -134 -533 -394 339 -357 -297 -236 -421 498 452 58 -612 -238 -63 246 9 97 -450 -245 517 -344 -61 -510 687 -472 -126 -166 -18 -293 213 17 -719 91 -125 191 220 458 -74 -103 -390 -28 -776 -262 784 -66 508 -332 
