7074424704413497090992021068787180532276238679643059501938951023793842621921295231368326450471084845224439142566831869669036450787693068617714024204999645044481159733934975502855885249581144343101567715679246925626060632159013145869569204224791154341004974063625675175018583050701478357945425452063747 0 0 0 0 0 0 0 0 0 0 0 0 0 0 0 0 0 0 0 0 0 0 0 0 0 0 0 0 0 0 0 0 0 0 0 0 0 0 0 0 0 0 0 0 0 0 0 0 0 0 0 0 0 0 0 0 0 0 0 0 0 0 0 0 0 0 0 0 0 0 0 0 0 0 0 0 0 0 0 0 0 0 0 0 0 0 0 0 0 0 0 0 0 0 0 0 0 0 0
1745012699943589145901355140440228777171309538718401909834628400162832445275335969219387036938790514485915318110241340220346280542742116014230214083033722882860376452195961138698801930410131659829652288173220736977437415589292945937905271181202228992149095740009650119932523954187922665847220508649861 1 0 0 0 0 0 0 0 0 0 0 0 0 0 0 0 0 0 0 0 0 0 0 0 0 0 0 0 0 0 0 0 0 0 0 0 0 0 0 0 0 0 0 0 0 0 0 0 0 0 0 0 0 0 0 0 0 0 0 0 0 0 0 0 0 0 0 0 0 0 0 0 0 0 0 0 0 0 0 0 0 0 0 0 0 0 0 0 0 0 0 0 0 0 0 0 0 0 0
1227681650612607940368196234454645478409848187060928847611317472498623038276559633553332454804383490250681496422435434430713749555952501829120816834987585769777016395196614626438561756807726601716760468493262333839068420533443179477563371671264057032144104080237787075855131489228619228809498378805044 0 1 0 0 0 0 0 0 0 0 0 0 0 0 0 0 0 0 0 0 0 0 0 0 0 0 0 0 0 0 0 0 0 0 0 0 0 0 0 0 0 0 0 0 0 0 0 0 0 0 0 0 0 0 0 0 0 0 0 0 0 0 0 0 0 0 0 0 0 0 0 0 0 0 0 0 0 0 0 0 0 0 0 0 0 0 0 0 0 0 0 0 0 0 0 0 0 0 0
298582388613153958250982994779258150751067304388061987322876274526320224276502675706836345169675047816630623023350256828667671840837054642878825096077736502124921454565802568648978126943776650042267407286149851212201895594977598833808437304259857468223888984155435448547587804826660929205179280918166 0 0 1 0 0 0 0 0 0 0 0 0 0 0 0 0 0 0 0 0 0 0 0 0 0 0 0 0 0 0 0 0 0 0 0 0 0 0 0 0 0 0 0 0 0 0 0 0 0 0 0 0 0 0 0 0 0 0 0 0 0 0 0 0 0 0 0 0 0 0 0 0 0 0 0 0 0 0 0 0 0 0 0 0 0 0 0 0 0 0 0 0 0 0 0 0 0 0 0
2385306993923816241417482179900403623598939892900008250596090613853239642345547012419130689487427506718968705512471146837106524790500411793630353899523681221544680573223176777547046422781075839987618866608376372481444640424358745303901077255460193124841328135111898006302163346073594997856644717906971 0 0 0 1 0 0 0 0 0 0 0 0 0 0 0 0 0 0 0 0 0 0 0 0 0 0 0 0 0 0 0 0 0 0 0 0 0 0 0 0 0 0 0 0 0 0 0 0 0 0 0 0 0 0 0 0 0 0 0 0 0 0 0 0 0 0 0 0 0 0 0 0 0 0 0 0 0 0 0 0 0 0 0 0 0 0 0 0 0 0 0 0 0 0 0 0 0 0 0
3965810814040484145793084170932383065344407506891221438016845985224827762119325286981775100669831811686180170822719868695451148552416399490003028154354674555152987474662807433508364430011036979620280728620639277538841520623123766761911761539745446952493523398084846369671307937394939146915056258821515 0 0 0 0 1 0 0 0 0 0 0 0 0 0 0 0 0 0 0 0 0 0 0 0 0 0 0 0 0 0 0 0 0 0 0 0 0 0 0 0 0 0 0 0 0 0 0 0 0 0 0 0 0 0 0 0 0 0 0 0 0 0 0 0 0 0 0 0 0 0 0 0 0 0 0 0 0 0 0 0 0 0 0 0 0 0 0 0 0 0 0 0 0 0 0 0 0 0 0
1094167844980314064673944616982907120327602818116949971515302934373039097795022601039283303050460536992314613110281298349943507644811086581198266705295832902905799924158357498244328231205766212198756682730825468432201888153888977061296128241389300588246282236707369056242101441231151778245750950656372 0 0 0 0 0 1 0 0 0 0 0 0 0 0 0 0 0 0 0 0 0 0 0 0 0 0 0 0 0 0 0 0 0 0 0 0 0 0 0 0 0 0 0 0 0 0 0 0 0 0 0 0 0 0 0 0 0 0 0 0 0 0 0 0 0 0 0 0 0 0 0 0 0 0 0 0 0 0 0 0 0 0 0 0 0 0 0 0 0 0 0 0 0 0 0 0 0 0 0
5588947023505244068766171888857450249713376692642045881768912797438129796244164082670080398570901748755572348755306107202269223947623400286650539479588803228562293482957303439671659003850796989146825933546889441383717807810364703257774623932576381180130729064024232413960256251916822263785690338733707 0 0 0 0 0 0 1 0 0 0 0 0 0 0 0 0 0 0 0 0 0 0 0 0 0 0 0 0 0 0 0 0 0 0 0 0 0 0 0 0 0 0 0 0 0 0 0 0 0 0 0 0 0 0 0 0 0 0 0 0 0 0 0 0 0 0 0 0 0 0 0 0 0 0 0 0 0 0 0 0 0 0 0 0 0 0 0 0 0 0 0 0 0 0 0 0 0 0 0
3193740508175198057781272372232324479959076177404777565323820295954416669651755546665916832246011203955251674668511458643191388812300474871968803546314748629076434449306746046220087086247676601257907325949087452681006291529201821437371859729951943241507792654158683843649756814642275522435848531277716 0 0 0 0 0 0 0 1 0 0 0 0 0 0 0 0 0 0 0 0 0 0 0 0 0 0 0 0 0 0 0 0 0 0 0 0 0 0 0 0 0 0 0 0 0 0 0 0 0 0 0 0 0 0 0 0 0 0 0 0 0 0 0 0 0 0 0 0 0 0 0 0 0 0 0 0 0 0 0 0 0 0 0 0 0 0 0 0 0 0 0 0 0 0 0 0 0 0 0
2047228079224997154499658406383134802230354773732980176500203703534601477327035276290527506158189636098458106425560714822365579009544634187040138870958005840942768384622564978860787726591823823821534580044615231498228156534760464215155329084512512341255707313938454048359666735037586138717922147090010 0 0 0 0 0 0 0 0 1 0 0 0 0 0 0 0 0 0 0 0 0 0 0 0 0 0 0 0 0 0 0 0 0 0 0 0 0 0 0 0 0 0 0 0 0 0 0 0 0 0 0 0 0 0 0 0 0 0 0 0 0 0 0 0 0 0 0 0 0 0 0 0 0 0 0 0 0 0 0 0 0 0 0 0 0 0 0 0 0 0 0 0 0 0 0 0 0 0 0
2871957724598760696796020967750048053916642955963712937037229973506600593846884620252422018483176568804926410283620126682628872828107405014018546770267093945580053234495103796808733536865645511858404274240558347120699543344415711578260455393000515341396627225616427414943742036558569913879287576631827 0 0 0 0 0 0 0 0 0 1 0 0 0 0 0 0 0 0 0 0 0 0 0 0 0 0 0 0 0 0 0 0 0 0 0 0 0 0 0 0 0 0 0 0 0 0 0 0 0 0 0 0 0 0 0 0 0 0 0 0 0 0 0 0 0 0 0 0 0 0 0 0 0 0 0 0 0 0 0 0 0 0 0 0 0 0 0 0 0 0 0 0 0 0 0 0 0 0 0
1411375372187443003093919971576846230262755055149372575534464322494298562235457012810064020790942954945418920840665992921065990312471060002334027514163321362602498591038805838010601109907495793155639326403720780034601724942749832813623477374783335911949652754448534019749820521272664240110613221897579 0 0 0 0 0 0 0 0 0 0 1 0 0 0 0 0 0 0 0 0 0 0 0 0 0 0 0 0 0 0 0 0 0 0 0 0 0 0 0 0 0 0 0 0 0 0 0 0 0 0 0 0 0 0 0 0 0 0 0 0 0 0 0 0 0 0 0 0 0 0 0 0 0 0 0 0 0 0 0 0 0 0 0 0 0 0 0 0 0 0 0 0 0 0 0 0 0 0 0
2051193273577626035504257972539335615783504873121530886841265974099939484197275462024686072078134368009376305104794119518370865646677908288781307087631059969499096551589413402141408114972264471698192102674615364698309082661752375808992123014246770024331118531129165238787676385503515418634893562278794 0 0 0 0 0 0 0 0 0 0 0 1 0 0 0 0 0 0 0 0 0 0 0 0 0 0 0 0 0 0 0 0 0 0 0 0 0 0 0 0 0 0 0 0 0 0 0 0 0 0 0 0 0 0 0 0 0 0 0 0 0 0 0 0 0 0 0 0 0 0 0 0 0 0 0 0 0 0 0 0 0 0 0 0 0 0 0 0 0 0 0 0 0 0 0 0 0 0 0
3994641420900994443007195616328849464562163333221418146274070785553534896205232065670269529351936346759872877998496384827216586753111631890821533663667892489630610705641388678323784196972163450645558602431964851069471522163423616559782574783689268095270232242400016180637626104794159922917463782431785 0 0 0 0 0 0 0 0 0 0 0 0 1 0 0 0 0 0 0 0 0 0 0 0 0 0 0 0 0 0 0 0 0 0 0 0 0 0 0 0 0 0 0 0 0 0 0 0 0 0 0 0 0 0 0 0 0 0 0 0 0 0 0 0 0 0 0 0 0 0 0 0 0 0 0 0 0 0 0 0 0 0 0 0 0 0 0 0 0 0 0 0 0 0 0 0 0 0 0
3220984750659828134907446927142270628367896112449657063901414184665026784021078104665462067716104096787812137038271864225211846143401228205241207645678214630961930973058296697051753320114125073807217954463553075808744101275928308423442880299384805078861427263113882647252412413838637896297755670471759 0 0 0 0 0 0 0 0 0 0 0 0 0 1 0 0 0 0 0 0 0 0 0 0 0 0 0 0 0 0 0 0 0 0 0 0 0 0 0 0 0 0 0 0 0 0 0 0 0 0 0 0 0 0 0 0 0 0 0 0 0 0 0 0 0 0 0 0 0 0 0 0 0 0 0 0 0 0 0 0 0 0 0 0 0 0 0 0 0 0 0 0 0 0 0 0 0 0 0
6044228500235753750033944810081244163369358109849310145424560881519325499646961889220834344659831369597051075386352622033141745691898455343337926167043825409217514643515366984202695027319518215159994571989108679481585872458966937693718205462574101205762253144037564275669489917040347128445852051196605 0 0 0 0 0 0 0 0 0 0 0 0 0 0 1 0 0 0 0 0 0 0 0 0 0 0 0 0 0 0 0 0 0 0 0 0 0 0 0 0 0 0 0 0 0 0 0 0 0 0 0 0 0 0 0 0 0 0 0 0 0 0 0 0 0 0 0 0 0 0 0 0 0 0 0 0 0 0 0 0 0 0 0 0 0 0 0 0 0 0 0 0 0 0 0 0 0 0 0
1555666606540812236295524406828288696479283788437579316184847575398861375481436483327519704496302196489868515900931255696765468928294856152599994224819772435068811809043338023370753596240289644211705309281334175901703893070972974720385215104095151567671060946110906490939013069036477295380803078909937 0 0 0 0 0 0 0 0 0 0 0 0 0 0 0 1 0 0 0 0 0 0 0 0 0 0 0 0 0 0 0 0 0 0 0 0 0 0 0 0 0 0 0 0 0 0 0 0 0 0 0 0 0 0 0 0 0 0 0 0 0 0 0 0 0 0 0 0 0 0 0 0 0 0 0 0 0 0 0 0 0 0 0 0 0 0 0 0 0 0 0 0 0 0 0 0 0 0 0
3055306493870547158753240776830628841865485348205998132892993036119075896989746931078610138610162930484691620924339102815234108201625397068032827248516948514198824441671735491481811617960134354070331165538300969830572515828163100286348957691233694054234160071363846528905666530471912643895022436243967 0 0 0 0 0 0 0 0 0 0 0 0 0 0 0 0 1 0 0 0 0 0 0 0 0 0 0 0 0 0 0 0 0 0 0 0 0 0 0 0 0 0 0 0 0 0 0 0 0 0 0 0 0 0 0 0 0 0 0 0 0 0 0 0 0 0 0 0 0 0 0 0 0 0 0 0 0 0 0 0 0 0 0 0 0 0 0 0 0 0 0 0 0 0 0 0 0 0 0
3098803679596659592067157300774036270827306204712977539843698812104324466061146317134720420533317200683737371102229302106540049437400708516751856958823940819643090070075108504779573024600284951121898410719357507761829451982489001270433006316988811828201718329568760345528641715186153132925002663708878 0 0 0 0 0 0 0 0 0 0 0 0 0 0 0 0 0 1 0 0 0 0 0 0 0 0 0 0 0 0 0 0 0 0 0 0 0 0 0 0 0 0 0 0 0 0 0 0 0 0 0 0 0 0 0 0 0 0 0 0 0 0 0 0 0 0 0 0 0 0 0 0 0 0 0 0 0 0 0 0 0 0 0 0 0 0 0 0 0 0 0 0 0 0 0 0 0 0 0
2554204299654947386536761910528199377846205578670670444253826252578417834703323665719006411670066203866608703925829252602314450281631883085242476245173546968128525236266121246208807963321646428151685115846078387964050082015235653886527857139040798569771298814612018075734247076840292075873058857788439 0 0 0 0 0 0 0 0 0 0 0 0 0 0 0 0 0 0 1 0 0 0 0 0 0 0 0 0 0 0 0 0 0 0 0 0 0 0 0 0 0 0 0 0 0 0 0 0 0 0 0 0 0 0 0 0 0 0 0 0 0 0 0 0 0 0 0 0 0 0 0 0 0 0 0 0 0 0 0 0 0 0 0 0 0 0 0 0 0 0 0 0 0 0 0 0 0 0 0
2706771271892523117096202931323769725076451489817667908991894109333494512295893045849251892773770389775663295990649274732108978120341248677173818945771207089107095720193521936941776195510120640023729798137969631045504894830032614004243473480963745234904388059914753172831468787514500890348709606245637 0 0 0 0 0 0 0 0 0 0 0 0 0 0 0 0 0 0 0 1 0 0 0 0 0 0 0 0 0 0 0 0 0 0 0 0 0 0 0 0 0 0 0 0 0 0 0 0 0 0 0 0 0 0 0 0 0 0 0 0 0 0 0 0 0 0 0 0 0 0 0 0 0 0 0 0 0 0 0 0 0 0 0 0 0 0 0 0 0 0 0 0 0 0 0 0 0 0 0
920997083813286030469488849537082262345834464285835342370382022103138721464017972446931695924412934856912146891088443194775361028756930438002109544950927890107566455163558514514996251709834124324540024134421177791546270378991100118637432228514078243417255929355070356916184160454767051622451097865735 0 0 0 0 0 0 0 0 0 0 0 0 0 0 0 0 0 0 0 0 1 0 0 0 0 0 0 0 0 0 0 0 0 0 0 0 0 0 0 0 0 0 0 0 0 0 0 0 0 0 0 0 0 0 0 0 0 0 0 0 0 0 0 0 0 0 0 0 0 0 0 0 0 0 0 0 0 0 0 0 0 0 0 0 0 0 0 0 0 0 0 0 0 0 0 0 0 0 0
3812567986769311184034744828771440890807554665889499667264206777791455587159387801670556791220519346933206573079408096822240823290735004169646647388302982152262774023479698812250347147619947518514586110393534090150688426237335679333466637638786975796358978007915645008125152303897051215034772852814367 0 0 0 0 0 0 0 0 0 0 0 0 0 0 0 0 0 0 0 0 0 1 0 0 0 0 0 0 0 0 0 0 0 0 0 0 0 0 0 0 0 0 0 0 0 0 0 0 0 0 0 0 0 0 0 0 0 0 0 0 0 0 0 0 0 0 0 0 0 0 0 0 0 0 0 0 0 0 0 0 0 0 0 0 0 0 0 0 0 0 0 0 0 0 0 0 0 0 0
3430356784576549943858276485892560352971481017885789718686217678910609651926881744747294477841885074830980094185047074210625143450747945801115204607380873123673617212335866096426013316220033545647819751453049892878875601257943557906119107121256214368250447473025969748296923884576646452826432061067350 0 0 0 0 0 0 0 0 0 0 0 0 0 0 0 0 0 0 0 0 0 0 1 0 0 0 0 0 0 0 0 0 0 0 0 0 0 0 0 0 0 0 0 0 0 0 0 0 0 0 0 0 0 0 0 0 0 0 0 0 0 0 0 0 0 0 0 0 0 0 0 0 0 0 0 0 0 0 0 0 0 0 0 0 0 0 0 0 0 0 0 0 0 0 0 0 0 0 0
2523601549213071828949314554279972163672362318078139622099817451957981606755893845467150198305561220856872900836228496344104422189035284460482753916285890757937775470593323480585545851777792839307582117650213703583536839215067221570397378186981085302831094224353655329729992543971519852658101231654988 0 0 0 0 0 0 0 0 0 0 0 0 0 0 0 0 0 0 0 0 0 0 0 1 0 0 0 0 0 0 0 0 0 0 0 0 0 0 0 0 0 0 0 0 0 0 0 0 0 0 0 0 0 0 0 0 0 0 0 0 0 0 0 0 0 0 0 0 0 0 0 0 0 0 0 0 0 0 0 0 0 0 0 0 0 0 0 0 0 0 0 0 0 0 0 0 0 0 0
6506666455389914773862858884228093001076249108079638365462020492415983842839807856010592871482617880118869094438662209624759773270022434107191238440781631265576546929383802530954549145305466360311079354606058945985585293536979425441862434970658700605165706642977519293123838862572256348868950901157489 0 0 0 0 0 0 0 0 0 0 0 0 0 0 0 0 0 0 0 0 0 0 0 0 1 0 0 0 0 0 0 0 0 0 0 0 0 0 0 0 0 0 0 0 0 0 0 0 0 0 0 0 0 0 0 0 0 0 0 0 0 0 0 0 0 0 0 0 0 0 0 0 0 0 0 0 0 0 0 0 0 0 0 0 0 0 0 0 0 0 0 0 0 0 0 0 0 0 0
4761517741566387297966907352092277508112007600735149201883782880619360554033386578302719004711100507021017037613004587285450492772313380234995328386569812569582258070330162965438737762632636825354014456206885983446178369421072479555877392380778035880415747348880174570021617680689813024370610597599 0 0 0 0 0 0 0 0 0 0 0 0 0 0 0 0 0 0 0 0 0 0 0 0 0 1 0 0 0 0 0 0 0 0 0 0 0 0 0 0 0 0 0 0 0 0 0 0 0 0 0 0 0 0 0 0 0 0 0 0 0 0 0 0 0 0 0 0 0 0 0 0 0 0 0 0 0 0 0 0 0 0 0 0 0 0 0 0 0 0 0 0 0 0 0 0 0 0 0
3494798361069653636609957965471570649751906427501051860878613859557857588945385717009658914069553699924877701916400746346725533118405476313940012253735302133531797613650603114551560959889227112124777978580743078033303171771849432937777068141508159435285174853270734214496323795130838105904848946925594 0 0 0 0 0 0 0 0 0 0 0 0 0 0 0 0 0 0 0 0 0 0 0 0 0 0 1 0 0 0 0 0 0 0 0 0 0 0 0 0 0 0 0 0 0 0 0 0 0 0 0 0 0 0 0 0 0 0 0 0 0 0 0 0 0 0 0 0 0 0 0 0 0 0 0 0 0 0 0 0 0 0 0 0 0 0 0 0 0 0 0 0 0 0 0 0 0 0 0
2161268084532303554725097858382332149892438389399152413799517555590696899448654623366268341356918902742166790734321432424561279069865304748217131688775926352442434681466231939641028590575126262129144806667665095219098560108985722243909872363255629035979991505036672279043280081017666613899887137563591 0 0 0 0 0 0 0 0 0 0 0 0 0 0 0 0 0 0 0 0 0 0 0 0 0 0 0 1 0 0 0 0 0 0 0 0 0 0 0 0 0 0 0 0 0 0 0 0 0 0 0 0 0 0 0 0 0 0 0 0 0 0 0 0 0 0 0 0 0 0 0 0 0 0 0 0 0 0 0 0 0 0 0 0 0 0 0 0 0 0 0 0 0 0 0 0 0 0 0
4665966568569513161529090292177241261707818426112208124724510485060987628462817022945713533969981484705124513481567609589223590910899532501090637248152656131131472504416545565345042161942715882823868256062640815168248500579523889301239645846095522147712639331044184264597263556741406659813145560925814 0 0 0 0 0 0 0 0 0 0 0 0 0 0 0 0 0 0 0 0 0 0 0 0 0 0 0 0 1 0 0 0 0 0 0 0 0 0 0 0 0 0 0 0 0 0 0 0 0 0 0 0 0 0 0 0 0 0 0 0 0 0 0 0 0 0 0 0 0 0 0 0 0 0 0 0 0 0 0 0 0 0 0 0 0 0 0 0 0 0 0 0 0 0 0 0 0 0 0
683787524210513789450208284970011247403208070861402248466756997071659605482009751142837718775057644137497621444588351936323233931385228474546514726975484698383041051169895125608002545936231178181138068738484970194736943671969393910644279490726060299591871366722452213407012402331093204774696228085473 0 0 0 0 0 0 0 0 0 0 0 0 0 0 0 0 0 0 0 0 0 0 0 0 0 0 0 0 0 1 0 0 0 0 0 0 0 0 0 0 0 0 0 0 0 0 0 0 0 0 0 0 0 0 0 0 0 0 0 0 0 0 0 0 0 0 0 0 0 0 0 0 0 0 0 0 0 0 0 0 0 0 0 0 0 0 0 0 0 0 0 0 0 0 0 0 0 0 0
5132214352729860030538947362294832087544675202801891054041285684043113251150225898713417447428136923808578390369032633241286546158094567067343780992800392044068371756649447703793307205401041687251147998971982793715265510350077099631649985486647984379796177630534355165053833088165766858005735124226581 0 0 0 0 0 0 0 0 0 0 0 0 0 0 0 0 0 0 0 0 0 0 0 0 0 0 0 0 0 0 1 0 0 0 0 0 0 0 0 0 0 0 0 0 0 0 0 0 0 0 0 0 0 0 0 0 0 0 0 0 0 0 0 0 0 0 0 0 0 0 0 0 0 0 0 0 0 0 0 0 0 0 0 0 0 0 0 0 0 0 0 0 0 0 0 0 0 0 0
5201473008046464774684029563481658369269283226701569660364316406671407169551503063362900374262553589217404142261902839918467529354107684786100518422966440850701326004085973986527573966910247619044687441752644302108145598521310138429404952456954739420112033196831033801534846790388686364779033320972512 0 0 0 0 0 0 0 0 0 0 0 0 0 0 0 0 0 0 0 0 0 0 0 0 0 0 0 0 0 0 0 1 0 0 0 0 0 0 0 0 0 0 0 0 0 0 0 0 0 0 0 0 0 0 0 0 0 0 0 0 0 0 0 0 0 0 0 0 0 0 0 0 0 0 0 0 0 0 0 0 0 0 0 0 0 0 0 0 0 0 0 0 0 0 0 0 0 0 0
6670548674632206090960142240203106324107246433231501427882928663301572488133153658962409810890874748254608141042634781609416899170643440316287907464056472945535128910859488450028854043416492080403738625511280204219437327458578508970374674918147793853420380377566433717471319438005686107788149352154367 0 0 0 0 0 0 0 0 0 0 0 0 0 0 0 0 0 0 0 0 0 0 0 0 0 0 0 0 0 0 0 0 1 0 0 0 0 0 0 0 0 0 0 0 0 0 0 0 0 0 0 0 0 0 0 0 0 0 0 0 0 0 0 0 0 0 0 0 0 0 0 0 0 0 0 0 0 0 0 0 0 0 0 0 0 0 0 0 0 0 0 0 0 0 0 0 0 0 0
3368941808990975725550682502611168339542162191385915931970494226916482091775731554475203534805898883687840330610447047468680813113501948629157804328124402784136258498919403398970055127438570454693240966681345030459676380020682238907445765546913847597890293733206093781607382406409816360676613128108166 0 0 0 0 0 0 0 0 0 0 0 0 0 0 0 0 0 0 0 0 0 0 0 0 0 0 0 0 0 0 0 0 0 1 0 0 0 0 0 0 0 0 0 0 0 0 0 0 0 0 0 0 0 0 0 0 0 0 0 0 0 0 0 0 0 0 0 0 0 0 0 0 0 0 0 0 0 0 0 0 0 0 0 0 0 0 0 0 0 0 0 0 0 0 0 0 0 0 0
2683184118396224762153811267256305796232013216771427226085607026699669517866491210608492514039677067039085654010061627396548715950307319807850244687280126069717074934205971159412224806045869745336491934567694793977171478754031231370289435588938604726688534964692665694443746949631149539633177455835525 0 0 0 0 0 0 0 0 0 0 0 0 0 0 0 0 0 0 0 0 0 0 0 0 0 0 0 0 0 0 0 0 0 0 1 0 0 0 0 0 0 0 0 0 0 0 0 0 0 0 0 0 0 0 0 0 0 0 0 0 0 0 0 0 0 0 0 0 0 0 0 0 0 0 0 0 0 0 0 0 0 0 0 0 0 0 0 0 0 0 0 0 0 0 0 0 0 0 0
2868420619071559744832286007224416432944929433480690397850697875251597369495764140975423639471792956152794030809838736056725065623295739442413233975869385042983946772344814320320637855535948106291718444023370552821547248153963413476298460074489015032466629987562769247784526220510081573108026740559756 0 0 0 0 0 0 0 0 0 0 0 0 0 0 0 0 0 0 0 0 0 0 0 0 0 0 0 0 0 0 0 0 0 0 0 1 0 0 0 0 0 0 0 0 0 0 0 0 0 0 0 0 0 0 0 0 0 0 0 0 0 0 0 0 0 0 0 0 0 0 0 0 0 0 0 0 0 0 0 0 0 0 0 0 0 0 0 0 0 0 0 0 0 0 0 0 0 0 0
3813440622779770512421252576772874169558691705412765952221861314321745090322012828975586121797951734029531099949082524949349986854059682248518902695011811488147811177432877411287242544085000878841058688322934759084371485512524442552425055145688525574676218923954094430292072571905106137919692013518841 0 0 0 0 0 0 0 0 0 0 0 0 0 0 0 0 0 0 0 0 0 0 0 0 0 0 0 0 0 0 0 0 0 0 0 0 1 0 0 0 0 0 0 0 0 0 0 0 0 0 0 0 0 0 0 0 0 0 0 0 0 0 0 0 0 0 0 0 0 0 0 0 0 0 0 0 0 0 0 0 0 0 0 0 0 0 0 0 0 0 0 0 0 0 0 0 0 0 0
2275689146643384281928272928483144355996042671020953525005335441841165021194576667802557856930878895450836932832736789090107079859422251308144372560153847670455896538771411526985126158461113799076160730734137905070282823720698336993275228962597609156387350829067550806172471584044341306787041840904639 0 0 0 0 0 0 0 0 0 0 0 0 0 0 0 0 0 0 0 0 0 0 0 0 0 0 0 0 0 0 0 0 0 0 0 0 0 1 0 0 0 0 0 0 0 0 0 0 0 0 0 0 0 0 0 0 0 0 0 0 0 0 0 0 0 0 0 0 0 0 0 0 0 0 0 0 0 0 0 0 0 0 0 0 0 0 0 0 0 0 0 0 0 0 0 0 0 0 0
6920551314120902071018401329372923139736538299470504089697828428425746517459377549652525636277228687229772483542770646610926017750669697544350561894043581394915345234515749815439406743990971837316940720293604989571493771200623306869457511282487001214043618226811692120875020351777651472128023147962670 0 0 0 0 0 0 0 0 0 0 0 0 0 0 0 0 0 0 0 0 0 0 0 0 0 0 0 0 0 0 0 0 0 0 0 0 0 0 1 0 0 0 0 0 0 0 0 0 0 0 0 0 0 0 0 0 0 0 0 0 0 0 0 0 0 0 0 0 0 0 0 0 0 0 0 0 0 0 0 0 0 0 0 0 0 0 0 0 0 0 0 0 0 0 0 0 0 0 0
4911051427245516779996090789359637905495099341392767743343734564414681411833729145529481948281496830745827333315579600140751161116011083766041260964068275245417358838060405884579345746842929860008627715320634367088108006907282649919296330465166761036224370535069045714948116356784171586642580396973087 0 0 0 0 0 0 0 0 0 0 0 0 0 0 0 0 0 0 0 0 0 0 0 0 0 0 0 0 0 0 0 0 0 0 0 0 0 0 0 1 0 0 0 0 0 0 0 0 0 0 0 0 0 0 0 0 0 0 0 0 0 0 0 0 0 0 0 0 0 0 0 0 0 0 0 0 0 0 0 0 0 0 0 0 0 0 0 0 0 0 0 0 0 0 0 0 0 0 0
6728348190348321356748084610986807545555783497260085463421834236701975361440145514679800352077003615836090727311824281550777157420574299228630833383024392126505915103232350665068918167579247488799539224905649243518650563482385613729306735358391435383779832707934553569734142290379500341585655969212443 0 0 0 0 0 0 0 0 0 0 0 0 0 0 0 0 0 0 0 0 0 0 0 0 0 0 0 0 0 0 0 0 0 0 0 0 0 0 0 0 1 0 0 0 0 0 0 0 0 0 0 0 0 0 0 0 0 0 0 0 0 0 0 0 0 0 0 0 0 0 0 0 0 0 0 0 0 0 0 0 0 0 0 0 0 0 0 0 0 0 0 0 0 0 0 0 0 0 0
802118132300219768648425750743862449598857798072168897193450686693293742239707845914819948387666024162630635584123520670546157539503358663587896939640349306273533673221007585552816566198324221553290098928235757489721042451799525302030328364998678977866480735111345199183901082509907480738705497427934 0 0 0 0 0 0 0 0 0 0 0 0 0 0 0 0 0 0 0 0 0 0 0 0 0 0 0 0 0 0 0 0 0 0 0 0 0 0 0 0 0 1 0 0 0 0 0 0 0 0 0 0 0 0 0 0 0 0 0 0 0 0 0 0 0 0 0 0 0 0 0 0 0 0 0 0 0 0 0 0 0 0 0 0 0 0 0 0 0 0 0 0 0 0 0 0 0 0 0
4760401279767409837684251986453872354961514600622032336640337207256504559218643017673945143736481326819795914399206974502576388869591400540701416782219590578569629924602719063600468088806320512060192897118046439634050996793941791716056368236446155814245162363189315108760224798788817247818495569435458 0 0 0 0 0 0 0 0 0 0 0 0 0 0 0 0 0 0 0 0 0 0 0 0 0 0 0 0 0 0 0 0 0 0 0 0 0 0 0 0 0 0 1 0 0 0 0 0 0 0 0 0 0 0 0 0 0 0 0 0 0 0 0 0 0 0 0 0 0 0 0 0 0 0 0 0 0 0 0 0 0 0 0 0 0 0 0 0 0 0 0 0 0 0 0 0 0 0 0
2609918547208154732277254254691597896635636835006957610116299842708876132070511824553726775383637876190974865089390229911482635416991912550502364251727168900298986931717307710236471276131411556872653894814864984762361435002636215878928367690137479891240461531380014887103422785403012187146087869474865 0 0 0 0 0 0 0 0 0 0 0 0 0 0 0 0 0 0 0 0 0 0 0 0 0 0 0 0 0 0 0 0 0 0 0 0 0 0 0 0 0 0 0 1 0 0 0 0 0 0 0 0 0 0 0 0 0 0 0 0 0 0 0 0 0 0 0 0 0 0 0 0 0 0 0 0 0 0 0 0 0 0 0 0 0 0 0 0 0 0 0 0 0 0 0 0 0 0 0
1269782322671086971104793819008438548498606373860007637099648338036820827222730617890777343114835303614048098197316751119424294700414691586534456155585929545121068139720187891840023591552278142571234577855852749699402122625038328086770136866078864399517996013285125536138695123670008731756947225583266 0 0 0 0 0 0 0 0 0 0 0 0 0 0 0 0 0 0 0 0 0 0 0 0 0 0 0 0 0 0 0 0 0 0 0 0 0 0 0 0 0 0 0 0 1 0 0 0 0 0 0 0 0 0 0 0 0 0 0 0 0 0 0 0 0 0 0 0 0 0 0 0 0 0 0 0 0 0 0 0 0 0 0 0 0 0 0 0 0 0 0 0 0 0 0 0 0 0 0
999622513982018470313367882662990642574872092560358653329436391104932707856068475915469663012799042740183991971504901958486010220953804887743279849148785472894182596662139689877642238257460127022023425393529991203899914396253189310554786711306216091616822189611548423091600995032923351399569805919351 0 0 0 0 0 0 0 0 0 0 0 0 0 0 0 0 0 0 0 0 0 0 0 0 0 0 0 0 0 0 0 0 0 0 0 0 0 0 0 0 0 0 0 0 0 1 0 0 0 0 0 0 0 0 0 0 0 0 0 0 0 0 0 0 0 0 0 0 0 0 0 0 0 0 0 0 0 0 0 0 0 0 0 0 0 0 0 0 0 0 0 0 0 0 0 0 0 0 0
5215699112391159313512214765087415092404668314727143951473519653587334361006865201542092965844720510147193414616353583033047329049138098068617063271856989543614442222697490049764181724064497934429302854995152372567866250141105701632413440024479314029920456337001339719008882765187759141804061126732959 0 0 0 0 0 0 0 0 0 0 0 0 0 0 0 0 0 0 0 0 0 0 0 0 0 0 0 0 0 0 0 0 0 0 0 0 0 0 0 0 0 0 0 0 0 0 1 0 0 0 0 0 0 0 0 0 0 0 0 0 0 0 0 0 0 0 0 0 0 0 0 0 0 0 0 0 0 0 0 0 0 0 0 0 0 0 0 0 0 0 0 0 0 0 0 0 0 0 0
6776986550003054427031667646339393831363316300056159140896197072730448987954795448059059500476827803534593171287866075650973418382271893963513455284784661846606817768547627768528739961433194604960003332210154737002931466514294964912782805309463057540885212341174206213650972146320693665213587850614819 0 0 0 0 0 0 0 0 0 0 0 0 0 0 0 0 0 0 0 0 0 0 0 0 0 0 0 0 0 0 0 0 0 0 0 0 0 0 0 0 0 0 0 0 0 0 0 1 0 0 0 0 0 0 0 0 0 0 0 0 0 0 0 0 0 0 0 0 0 0 0 0 0 0 0 0 0 0 0 0 0 0 0 0 0 0 0 0 0 0 0 0 0 0 0 0 0 0 0
2515433213421584991344391780801102727007466754938228042343493373809576492382837637018155063574403804148343900783819473981899472478785694648368310106093626061150460168285562453670983577818933717103271670735266918559627830819903527092284631402141189932334505971910976856525722495628834327590955174508131 0 0 0 0 0 0 0 0 0 0 0 0 0 0 0 0 0 0 0 0 0 0 0 0 0 0 0 0 0 0 0 0 0 0 0 0 0 0 0 0 0 0 0 0 0 0 0 0 1 0 0 0 0 0 0 0 0 0 0 0 0 0 0 0 0 0 0 0 0 0 0 0 0 0 0 0 0 0 0 0 0 0 0 0 0 0 0 0 0 0 0 0 0 0 0 0 0 0 0
6829530415140559806806998393103791355943874060927918863541218507899129047845872678825360037927928858108029426898650745318138488167228571027950768942288106404228732739338430087425514610432443248221149566344935034440055703146371177113182589937971007705395523892164669004394680255677423859508290097648345 0 0 0 0 0 0 0 0 0 0 0 0 0 0 0 0 0 0 0 0 0 0 0 0 0 0 0 0 0 0 0 0 0 0 0 0 0 0 0 0 0 0 0 0 0 0 0 0 0 1 0 0 0 0 0 0 0 0 0 0 0 0 0 0 0 0 0 0 0 0 0 0 0 0 0 0 0 0 0 0 0 0 0 0 0 0 0 0 0 0 0 0 0 0 0 0 0 0 0
4733442206433986553299835456681782845767010469127972748438926963164544531861720855590053804813689413074266071837856771055678404575591657418777814346947591993627392787971389964809909787433351616282244165843631924528317904246621551078415773486305247184742288126533757301507593611148059621409747026105679 0 0 0 0 0 0 0 0 0 0 0 0 0 0 0 0 0 0 0 0 0 0 0 0 0 0 0 0 0 0 0 0 0 0 0 0 0 0 0 0 0 0 0 0 0 0 0 0 0 0 1 0 0 0 0 0 0 0 0 0 0 0 0 0 0 0 0 0 0 0 0 0 0 0 0 0 0 0 0 0 0 0 0 0 0 0 0 0 0 0 0 0 0 0 0 0 0 0 0
1865878862903845432273308953215385283907815251186099542784776203132377657920191130349345607411923012865981643497774703712304702719376508942318032581249494126504109838175420467800545718588366764079163636395704418941414859839332654333878720528458489334672177186278819363594626630653472022491085628500430 0 0 0 0 0 0 0 0 0 0 0 0 0 0 0 0 0 0 0 0 0 0 0 0 0 0 0 0 0 0 0 0 0 0 0 0 0 0 0 0 0 0 0 0 0 0 0 0 0 0 0 1 0 0 0 0 0 0 0 0 0 0 0 0 0 0 0 0 0 0 0 0 0 0 0 0 0 0 0 0 0 0 0 0 0 0 0 0 0 0 0 0 0 0 0 0 0 0 0
527924181141876179723776235347524432385592367643270486910210433688516124466018578190459504701596063461370891583380471001772853647596039137382944653479427034838638550509622003246061686392631251557087666112944366567474648269242989724581013707344418340385987815935847120179058698858434125448734916671569 0 0 0 0 0 0 0 0 0 0 0 0 0 0 0 0 0 0 0 0 0 0 0 0 0 0 0 0 0 0 0 0 0 0 0 0 0 0 0 0 0 0 0 0 0 0 0 0 0 0 0 0 1 0 0 0 0 0 0 0 0 0 0 0 0 0 0 0 0 0 0 0 0 0 0 0 0 0 0 0 0 0 0 0 0 0 0 0 0 0 0 0 0 0 0 0 0 0 0
1797882358770356007050939228010748066099010849586149592273489773124429002563302659092493071081598491366199212778986345190197921188862006560908434453601626379110922177958743351800791030484169940056657007251169295354578300903627417294729059778166475177890079540437240345043805002182589667201354407730107 0 0 0 0 0 0 0 0 0 0 0 0 0 0 0 0 0 0 0 0 0 0 0 0 0 0 0 0 0 0 0 0 0 0 0 0 0 0 0 0 0 0 0 0 0 0 0 0 0 0 0 0 0 1 0 0 0 0 0 0 0 0 0 0 0 0 0 0 0 0 0 0 0 0 0 0 0 0 0 0 0 0 0 0 0 0 0 0 0 0 0 0 0 0 0 0 0 0 0
2259038600932315968893212759797595919850527576319557219837095486083511997337663083099334927101559513514050038707952393650081678985192838202641835696745600714832707799475552755879092774214277367433376022632588826212308352318125792139804492464578083502615101152064125277748972980254602096554019986391553 0 0 0 0 0 0 0 0 0 0 0 0 0 0 0 0 0 0 0 0 0 0 0 0 0 0 0 0 0 0 0 0 0 0 0 0 0 0 0 0 0 0 0 0 0 0 0 0 0 0 0 0 0 0 1 0 0 0 0 0 0 0 0 0 0 0 0 0 0 0 0 0 0 0 0 0 0 0 0 0 0 0 0 0 0 0 0 0 0 0 0 0 0 0 0 0 0 0 0
1065563539444472358588471632356697788325715609153388350113705937982522896496202255756041195811048139051327991685400989046113748133653641997958230330196501706569300193378773841383161572902978750572866055881527439133934071067888628733549146998529777076233977609961758148935264788055980501816017296564842 0 0 0 0 0 0 0 0 0 0 0 0 0 0 0 0 0 0 0 0 0 0 0 0 0 0 0 0 0 0 0 0 0 0 0 0 0 0 0 0 0 0 0 0 0 0 0 0 0 0 0 0 0 0 0 1 0 0 0 0 0 0 0 0 0 0 0 0 0 0 0 0 0 0 0 0 0 0 0 0 0 0 0 0 0 0 0 0 0 0 0 0 0 0 0 0 0 0 0
2098069898786478282766852458662146738073905238718490178379118851196391183255250627580281749996520182011892214842847508580563106064859125205180858720871033237732878481107607158625119505857398335003387080736152271347691909461041091805512365202298629890886032228249321362425749716033929268825884206750964 0 0 0 0 0 0 0 0 0 0 0 0 0 0 0 0 0 0 0 0 0 0 0 0 0 0 0 0 0 0 0 0 0 0 0 0 0 0 0 0 0 0 0 0 0 0 0 0 0 0 0 0 0 0 0 0 1 0 0 0 0 0 0 0 0 0 0 0 0 0 0 0 0 0 0 0 0 0 0 0 0 0 0 0 0 0 0 0 0 0 0 0 0 0 0 0 0 0 0
443289189148282493309822313040832626090951878814765588297287877661840075770081555317351438527923593276490946774807680547525602611063992434839527160708857507871160944166028188642976812127511408119266773299771437324635437015601571045903575837721614588509535616941745551170474423170516694134159453038536 0 0 0 0 0 0 0 0 0 0 0 0 0 0 0 0 0 0 0 0 0 0 0 0 0 0 0 0 0 0 0 0 0 0 0 0 0 0 0 0 0 0 0 0 0 0 0 0 0 0 0 0 0 0 0 0 0 1 0 0 0 0 0 0 0 0 0 0 0 0 0 0 0 0 0 0 0 0 0 0 0 0 0 0 0 0 0 0 0 0 0 0 0 0 0 0 0 0 0
6466415110442568346322839477492920536325630491663094119553507943369994812640301447711735689882967458269483898424673025202705545422103212792422593522829213736408619461295520723024740444732607242007478907621839520520127608022999458865110919142237268859527451472552369121986249807307153672498195997770254 0 0 0 0 0 0 0 0 0 0 0 0 0 0 0 0 0 0 0 0 0 0 0 0 0 0 0 0 0 0 0 0 0 0 0 0 0 0 0 0 0 0 0 0 0 0 0 0 0 0 0 0 0 0 0 0 0 0 1 0 0 0 0 0 0 0 0 0 0 0 0 0 0 0 0 0 0 0 0 0 0 0 0 0 0 0 0 0 0 0 0 0 0 0 0 0 0 0 0
4675425062796451412214223364003387986789897314197170484172699630019484309261590879007003216842310243097170598790540563900140122858192976352986647103704315425350183955551596416853304941820917050862305783306911291499130535160300553215971307211718682815142220634531263998326067822466087822815912489324458 0 0 0 0 0 0 0 0 0 0 0 0 0 0 0 0 0 0 0 0 0 0 0 0 0 0 0 0 0 0 0 0 0 0 0 0 0 0 0 0 0 0 0 0 0 0 0 0 0 0 0 0 0 0 0 0 0 0 0 1 0 0 0 0 0 0 0 0 0 0 0 0 0 0 0 0 0 0 0 0 0 0 0 0 0 0 0 0 0 0 0 0 0 0 0 0 0 0 0
6862182755214254788237422769220498517773976048523431841538135003240237435050041318188493751910268280450200205405677129953844591325541067439257405961950321028880366963935249106502882317858782551443350741018776854093098170768622103017597711261002119799853536834794102295260690124720299956440607375848980 0 0 0 0 0 0 0 0 0 0 0 0 0 0 0 0 0 0 0 0 0 0 0 0 0 0 0 0 0 0 0 0 0 0 0 0 0 0 0 0 0 0 0 0 0 0 0 0 0 0 0 0 0 0 0 0 0 0 0 0 1 0 0 0 0 0 0 0 0 0 0 0 0 0 0 0 0 0 0 0 0 0 0 0 0 0 0 0 0 0 0 0 0 0 0 0 0 0 0
6172117270969203951046812439814314441305344795876836324046183899442475002741665590908453030804989288564195080160699726442681427633184024649064510036659089803377748882625769417039482458182571855882809748129215429133515622939681216118056681912786085270865075869957635908922657975528045975090780519702651 0 0 0 0 0 0 0 0 0 0 0 0 0 0 0 0 0 0 0 0 0 0 0 0 0 0 0 0 0 0 0 0 0 0 0 0 0 0 0 0 0 0 0 0 0 0 0 0 0 0 0 0 0 0 0 0 0 0 0 0 0 1 0 0 0 0 0 0 0 0 0 0 0 0 0 0 0 0 0 0 0 0 0 0 0 0 0 0 0 0 0 0 0 0 0 0 0 0 0
3891148246381278028814991346248843488301250601787213461638793512823394092045997205924309986717535802665483628624179949217323202686406570314582431037159004614379698725880666762973910913679336656556004052655569611664124695237697167098900175310368677242643128196602240786546367302571857279952013966225760 0 0 0 0 0 0 0 0 0 0 0 0 0 0 0 0 0 0 0 0 0 0 0 0 0 0 0 0 0 0 0 0 0 0 0 0 0 0 0 0 0 0 0 0 0 0 0 0 0 0 0 0 0 0 0 0 0 0 0 0 0 0 1 0 0 0 0 0 0 0 0 0 0 0 0 0 0 0 0 0 0 0 0 0 0 0 0 0 0 0 0 0 0 0 0 0 0 0 0
4614183272834335761715151774264256683235229777667726500316871366605536090380581386762163920391402759630780457095692943581402416211250069528236964731592607265052953577960795731599080204738299146934756546700003374604360635940888100560694811374445780167567855668141650403682265650537265772536791569925944 0 0 0 0 0 0 0 0 0 0 0 0 0 0 0 0 0 0 0 0 0 0 0 0 0 0 0 0 0 0 0 0 0 0 0 0 0 0 0 0 0 0 0 0 0 0 0 0 0 0 0 0 0 0 0 0 0 0 0 0 0 0 0 1 0 0 0 0 0 0 0 0 0 0 0 0 0 0 0 0 0 0 0 0 0 0 0 0 0 0 0 0 0 0 0 0 0 0 0
5364192881065594611460665962111256286354574780477949907345237765037697213974178995247405812753338847029428554987165604602691749592312817493465178898553676224996249326985308244625416528394744615540834901186731302334007485098514661847884984292528469187652141484310217960194551604427474616315614221748385 0 0 0 0 0 0 0 0 0 0 0 0 0 0 0 0 0 0 0 0 0 0 0 0 0 0 0 0 0 0 0 0 0 0 0 0 0 0 0 0 0 0 0 0 0 0 0 0 0 0 0 0 0 0 0 0 0 0 0 0 0 0 0 0 1 0 0 0 0 0 0 0 0 0 0 0 0 0 0 0 0 0 0 0 0 0 0 0 0 0 0 0 0 0 0 0 0 0 0
4086255359314146625291556719190579980001592388536200343643349688787041753853737504060751453454683601833487079441205823556710444352152673983797194154987101356922100221134698452681092406684870450615490083126350793747833320661889887311944377018224341194244949507449649619118377655171855546308952661309396 0 0 0 0 0 0 0 0 0 0 0 0 0 0 0 0 0 0 0 0 0 0 0 0 0 0 0 0 0 0 0 0 0 0 0 0 0 0 0 0 0 0 0 0 0 0 0 0 0 0 0 0 0 0 0 0 0 0 0 0 0 0 0 0 0 1 0 0 0 0 0 0 0 0 0 0 0 0 0 0 0 0 0 0 0 0 0 0 0 0 0 0 0 0 0 0 0 0 0
3896020826907004723048456928116514195121944055742100078376864138767121359230033358957833338077207008022738316558904351010480643173327097155456303313766577916042838778796287381594542008399597310603702198464082779948590023022392703752762819493866898274960744402579040947917752957973965941474958255580233 0 0 0 0 0 0 0 0 0 0 0 0 0 0 0 0 0 0 0 0 0 0 0 0 0 0 0 0 0 0 0 0 0 0 0 0 0 0 0 0 0 0 0 0 0 0 0 0 0 0 0 0 0 0 0 0 0 0 0 0 0 0 0 0 0 0 1 0 0 0 0 0 0 0 0 0 0 0 0 0 0 0 0 0 0 0 0 0 0 0 0 0 0 0 0 0 0 0 0
5241005171242982486845901791880911197304612756675658930038763821304094477252072307582701261463088213707399547263934469346798682867564015275478734209215982695607296863738360947859120084077400992892397535104212494929495300090406997804889142945030117699940382232329863758269138105980329451382268471133803 0 0 0 0 0 0 0 0 0 0 0 0 0 0 0 0 0 0 0 0 0 0 0 0 0 0 0 0 0 0 0 0 0 0 0 0 0 0 0 0 0 0 0 0 0 0 0 0 0 0 0 0 0 0 0 0 0 0 0 0 0 0 0 0 0 0 0 1 0 0 0 0 0 0 0 0 0 0 0 0 0 0 0 0 0 0 0 0 0 0 0 0 0 0 0 0 0 0 0
1802284522374283147759320401780573665930151135427380878979242368664923333570471866358730728002579948902034912360545712413578629135466683432277941431205460742211241141433295224171779588845124485076756216471260413411514043334254688555049901659195799002386839239675396264200794244021981204684118760153753 0 0 0 0 0 0 0 0 0 0 0 0 0 0 0 0 0 0 0 0 0 0 0 0 0 0 0 0 0 0 0 0 0 0 0 0 0 0 0 0 0 0 0 0 0 0 0 0 0 0 0 0 0 0 0 0 0 0 0 0 0 0 0 0 0 0 0 0 1 0 0 0 0 0 0 0 0 0 0 0 0 0 0 0 0 0 0 0 0 0 0 0 0 0 0 0 0 0 0
2613210494334946412186520124428576322299154693976820608733900786062170547970056573857957135322460685798931504192543463495866027601332002636551309965225728313835751539112040026675525049283174279041487635907064528205010696178248972005866195081558827192729638831589230382700286579350815180128408633092230 0 0 0 0 0 0 0 0 0 0 0 0 0 0 0 0 0 0 0 0 0 0 0 0 0 0 0 0 0 0 0 0 0 0 0 0 0 0 0 0 0 0 0 0 0 0 0 0 0 0 0 0 0 0 0 0 0 0 0 0 0 0 0 0 0 0 0 0 0 1 0 0 0 0 0 0 0 0 0 0 0 0 0 0 0 0 0 0 0 0 0 0 0 0 0 0 0 0 0
4893736153090743389506624733195964117203093481692410608529614738481183315723793845230268404014699609498652867299740763624113501382941772343544625463492983849918355594789761867226525624042149158462394501224414637271104550557537169491553680219039483301301390042117050851928094888434517201739601699041558 0 0 0 0 0 0 0 0 0 0 0 0 0 0 0 0 0 0 0 0 0 0 0 0 0 0 0 0 0 0 0 0 0 0 0 0 0 0 0 0 0 0 0 0 0 0 0 0 0 0 0 0 0 0 0 0 0 0 0 0 0 0 0 0 0 0 0 0 0 0 1 0 0 0 0 0 0 0 0 0 0 0 0 0 0 0 0 0 0 0 0 0 0 0 0 0 0 0 0
2122919537727792812436315719702230812077026460408018127906690793658131510401758757352882575542858108590566714800031527580587373458812463371525748296641023386824083564385644555865842779276431724145585653410523719984769313477056972223129063989690738222088363386407390402423200580714105784204002933332357 0 0 0 0 0 0 0 0 0 0 0 0 0 0 0 0 0 0 0 0 0 0 0 0 0 0 0 0 0 0 0 0 0 0 0 0 0 0 0 0 0 0 0 0 0 0 0 0 0 0 0 0 0 0 0 0 0 0 0 0 0 0 0 0 0 0 0 0 0 0 0 1 0 0 0 0 0 0 0 0 0 0 0 0 0 0 0 0 0 0 0 0 0 0 0 0 0 0 0
3253527878461335858458528668437554770196479466293830312852257317990083183121099946251986385369729086994339250224077597541142166746653534484710351085123118937578889538786612048215978553379074252059800549155254722353171855836708957651227875480392233658517273696730452545256793030512684140799472111841868 0 0 0 0 0 0 0 0 0 0 0 0 0 0 0 0 0 0 0 0 0 0 0 0 0 0 0 0 0 0 0 0 0 0 0 0 0 0 0 0 0 0 0 0 0 0 0 0 0 0 0 0 0 0 0 0 0 0 0 0 0 0 0 0 0 0 0 0 0 0 0 0 1 0 0 0 0 0 0 0 0 0 0 0 0 0 0 0 0 0 0 0 0 0 0 0 0 0 0
3504631279946613290125627634087795690373829909195599459679951891251415737835440261802153472535790027520484058206339041277741137932265411443525018089462669164005932011648505683716137948763722084242243374581611127391996178862139657273727395121585095572733341677043036509160786996289450900588761588384259 0 0 0 0 0 0 0 0 0 0 0 0 0 0 0 0 0 0 0 0 0 0 0 0 0 0 0 0 0 0 0 0 0 0 0 0 0 0 0 0 0 0 0 0 0 0 0 0 0 0 0 0 0 0 0 0 0 0 0 0 0 0 0 0 0 0 0 0 0 0 0 0 0 1 0 0 0 0 0 0 0 0 0 0 0 0 0 0 0 0 0 0 0 0 0 0 0 0 0
5282046942494518068459091783035086822638366262813485009740435574186542228295269333245224443640484300927987338784306626032700268501291124220317123771395874671914569864859957794757431372919686390355110701688065906067603294311846268831092264071679882313315329246622701588819233637423262393614332023625072 0 0 0 0 0 0 0 0 0 0 0 0 0 0 0 0 0 0 0 0 0 0 0 0 0 0 0 0 0 0 0 0 0 0 0 0 0 0 0 0 0 0 0 0 0 0 0 0 0 0 0 0 0 0 0 0 0 0 0 0 0 0 0 0 0 0 0 0 0 0 0 0 0 0 1 0 0 0 0 0 0 0 0 0 0 0 0 0 0 0 0 0 0 0 0 0 0 0 0
1495262942949663653280320564550125941253902454948566736174664011446802908745226576245617870891378623577016173286637796829044258597367525603716812351573083709783472458567954342954795481714144122757950472510653100636720109220666293508503346050236785662325219339417952332471269883506883840017321582732244 0 0 0 0 0 0 0 0 0 0 0 0 0 0 0 0 0 0 0 0 0 0 0 0 0 0 0 0 0 0 0 0 0 0 0 0 0 0 0 0 0 0 0 0 0 0 0 0 0 0 0 0 0 0 0 0 0 0 0 0 0 0 0 0 0 0 0 0 0 0 0 0 0 0 0 1 0 0 0 0 0 0 0 0 0 0 0 0 0 0 0 0 0 0 0 0 0 0 0
776502111035544976329321983028270928985251922140916030390128638826385153945002639769183638471992224352910140215786610162757505648920064305080980573446990174283213578170383442589471234199012096999209347146005740186853659776813174158172018891467629557815790649054003054301660871163142789418247745511794 0 0 0 0 0 0 0 0 0 0 0 0 0 0 0 0 0 0 0 0 0 0 0 0 0 0 0 0 0 0 0 0 0 0 0 0 0 0 0 0 0 0 0 0 0 0 0 0 0 0 0 0 0 0 0 0 0 0 0 0 0 0 0 0 0 0 0 0 0 0 0 0 0 0 0 0 1 0 0 0 0 0 0 0 0 0 0 0 0 0 0 0 0 0 0 0 0 0 0
2106436956469242184372521746618185554413612518214427722319452848924829071283753012351471733501326249679477289886988980511315288244646476616390195338600303838651765561568549832884067915195719588472069111189167277808352358478774115850905604912322452734993432283046106662479796650590224599375670406869454 0 0 0 0 0 0 0 0 0 0 0 0 0 0 0 0 0 0 0 0 0 0 0 0 0 0 0 0 0 0 0 0 0 0 0 0 0 0 0 0 0 0 0 0 0 0 0 0 0 0 0 0 0 0 0 0 0 0 0 0 0 0 0 0 0 0 0 0 0 0 0 0 0 0 0 0 0 1 0 0 0 0 0 0 0 0 0 0 0 0 0 0 0 0 0 0 0 0 0
4055790277021897976907898592566278052669757057341868973287780131542535393536432013933630578782475560887980394807928535924070765733092958560783232740375356581085401646592032999370000728255572543838346297273162690765114093860219810392312884267229682434973372059220064257264831643837390244895507933901452 0 0 0 0 0 0 0 0 0 0 0 0 0 0 0 0 0 0 0 0 0 0 0 0 0 0 0 0 0 0 0 0 0 0 0 0 0 0 0 0 0 0 0 0 0 0 0 0 0 0 0 0 0 0 0 0 0 0 0 0 0 0 0 0 0 0 0 0 0 0 0 0 0 0 0 0 0 0 1 0 0 0 0 0 0 0 0 0 0 0 0 0 0 0 0 0 0 0 0
4350691744074713966389132406227650128533219790666088159552485857724470991718667475490168470399854336631784920976668178691910629414131417213868971104382501758945949213948620902925000816518791320324583393500389115677851540413081063130575866600416032703863440027595077058333582799771313632994365565282749 0 0 0 0 0 0 0 0 0 0 0 0 0 0 0 0 0 0 0 0 0 0 0 0 0 0 0 0 0 0 0 0 0 0 0 0 0 0 0 0 0 0 0 0 0 0 0 0 0 0 0 0 0 0 0 0 0 0 0 0 0 0 0 0 0 0 0 0 0 0 0 0 0 0 0 0 0 0 0 1 0 0 0 0 0 0 0 0 0 0 0 0 0 0 0 0 0 0 0
6582117226238833480125215301015215101648228544582206405113143614949019818384400012648596787199520411966935374917384502021556164161980938791893504151239814521764182906649750682153065796077884138670896501459731058691194478775166395619153264676347177942763564783993308932527284584950632454764977673064776 0 0 0 0 0 0 0 0 0 0 0 0 0 0 0 0 0 0 0 0 0 0 0 0 0 0 0 0 0 0 0 0 0 0 0 0 0 0 0 0 0 0 0 0 0 0 0 0 0 0 0 0 0 0 0 0 0 0 0 0 0 0 0 0 0 0 0 0 0 0 0 0 0 0 0 0 0 0 0 0 1 0 0 0 0 0 0 0 0 0 0 0 0 0 0 0 0 0 0
2127559707319478944190823842090888433468058785872180886850673473133478793433659594847249726387446100313708481252457928756472131750211029118413331298723368252148434406647018191389104305090045496461902800520455852243691231117435422450829666853962213731068525897270909436994694495091075960521832724650431 0 0 0 0 0 0 0 0 0 0 0 0 0 0 0 0 0 0 0 0 0 0 0 0 0 0 0 0 0 0 0 0 0 0 0 0 0 0 0 0 0 0 0 0 0 0 0 0 0 0 0 0 0 0 0 0 0 0 0 0 0 0 0 0 0 0 0 0 0 0 0 0 0 0 0 0 0 0 0 0 0 1 0 0 0 0 0 0 0 0 0 0 0 0 0 0 0 0 0
3746227516903666882144054856715994391820556673648743049638983357173916399822010877277131642108462836278666461996365560618163235131869205842798081991461046290335316732504125382166776345885729858636073121600155242265802077587953314654589489744235274946316516149680907726812457060391176853347391817071435 0 0 0 0 0 0 0 0 0 0 0 0 0 0 0 0 0 0 0 0 0 0 0 0 0 0 0 0 0 0 0 0 0 0 0 0 0 0 0 0 0 0 0 0 0 0 0 0 0 0 0 0 0 0 0 0 0 0 0 0 0 0 0 0 0 0 0 0 0 0 0 0 0 0 0 0 0 0 0 0 0 0 1 0 0 0 0 0 0 0 0 0 0 0 0 0 0 0 0
3298781059903802287451516055202527960939748256338620142566660734753406020187978778959012532377723138073995581737867615622999267275554262104163441280323987716615263044082772150263219454767676439994265027125344109465185419193399014265000506002039675690404932248993541457226174795889362815808315000951994 0 0 0 0 0 0 0 0 0 0 0 0 0 0 0 0 0 0 0 0 0 0 0 0 0 0 0 0 0 0 0 0 0 0 0 0 0 0 0 0 0 0 0 0 0 0 0 0 0 0 0 0 0 0 0 0 0 0 0 0 0 0 0 0 0 0 0 0 0 0 0 0 0 0 0 0 0 0 0 0 0 0 0 1 0 0 0 0 0 0 0 0 0 0 0 0 0 0 0
1701446016163518508002570654176207607576581663249114034423555013949474007777824137054971869190206344128444715349469158291504473823484869994858938551241842523292414439307942524538722452003612022641166406951868369559941675595455518006308800642518569403604068246156292363233794382002711686595205056208606 0 0 0 0 0 0 0 0 0 0 0 0 0 0 0 0 0 0 0 0 0 0 0 0 0 0 0 0 0 0 0 0 0 0 0 0 0 0 0 0 0 0 0 0 0 0 0 0 0 0 0 0 0 0 0 0 0 0 0 0 0 0 0 0 0 0 0 0 0 0 0 0 0 0 0 0 0 0 0 0 0 0 0 0 1 0 0 0 0 0 0 0 0 0 0 0 0 0 0
855444144664918998750594546536933772645689901905670134923555403389153623567196073861826780521095167541421055332172669888254337388360043951610841395485772556249363712835391856459308828422472703503886272634772528411945141269144561066372958111941388519087264169984327534881945012665317443190901203706442 0 0 0 0 0 0 0 0 0 0 0 0 0 0 0 0 0 0 0 0 0 0 0 0 0 0 0 0 0 0 0 0 0 0 0 0 0 0 0 0 0 0 0 0 0 0 0 0 0 0 0 0 0 0 0 0 0 0 0 0 0 0 0 0 0 0 0 0 0 0 0 0 0 0 0 0 0 0 0 0 0 0 0 0 0 1 0 0 0 0 0 0 0 0 0 0 0 0 0
804219069848842804088600699040811494228709260288122849276928704751509215918998215977272540895365996766534696292269281347029674069512449748906072384887397192396235760332475514256328599562561698381893930715922550552740270586506734426169741610558077755035874959878669906275107866430435640670188105155540 0 0 0 0 0 0 0 0 0 0 0 0 0 0 0 0 0 0 0 0 0 0 0 0 0 0 0 0 0 0 0 0 0 0 0 0 0 0 0 0 0 0 0 0 0 0 0 0 0 0 0 0 0 0 0 0 0 0 0 0 0 0 0 0 0 0 0 0 0 0 0 0 0 0 0 0 0 0 0 0 0 0 0 0 0 0 1 0 0 0 0 0 0 0 0 0 0 0 0
5211078414842785994199955992165522148467521748036171295514663986204562963892028909990603169045473630342503675646936856458603664924298350602092339139373041796771414198465264819096845242520639444022326210243120144942781491077827316587200273693616712895660245285508121122428625828484148047504047365067620 0 0 0 0 0 0 0 0 0 0 0 0 0 0 0 0 0 0 0 0 0 0 0 0 0 0 0 0 0 0 0 0 0 0 0 0 0 0 0 0 0 0 0 0 0 0 0 0 0 0 0 0 0 0 0 0 0 0 0 0 0 0 0 0 0 0 0 0 0 0 0 0 0 0 0 0 0 0 0 0 0 0 0 0 0 0 0 1 0 0 0 0 0 0 0 0 0 0 0
2711559346981249002615622371443860146418873345680269364801652058306288063212554090899064796078500264472731593092826630374297815352405287644800073424657952968101647583669425221714569915571923428152109745348233386650449359577926035059724419101548570804439637525444173562284627806237666753090071288470977 0 0 0 0 0 0 0 0 0 0 0 0 0 0 0 0 0 0 0 0 0 0 0 0 0 0 0 0 0 0 0 0 0 0 0 0 0 0 0 0 0 0 0 0 0 0 0 0 0 0 0 0 0 0 0 0 0 0 0 0 0 0 0 0 0 0 0 0 0 0 0 0 0 0 0 0 0 0 0 0 0 0 0 0 0 0 0 0 1 0 0 0 0 0 0 0 0 0 0
3041039937594623083338990758812400158924409514334969744387512653091060387533794438136657473497490447507555731319694510830494621067717707152361858606915454394223193093820155540239258968701322735051932677548354396482962262311275159576153324878249381447320632786699000099041746393082358703658649894929916 0 0 0 0 0 0 0 0 0 0 0 0 0 0 0 0 0 0 0 0 0 0 0 0 0 0 0 0 0 0 0 0 0 0 0 0 0 0 0 0 0 0 0 0 0 0 0 0 0 0 0 0 0 0 0 0 0 0 0 0 0 0 0 0 0 0 0 0 0 0 0 0 0 0 0 0 0 0 0 0 0 0 0 0 0 0 0 0 0 1 0 0 0 0 0 0 0 0 0
4587058145050657420542988912560752489673410448144820083005733919821120619188741976200680049372223135106345935553741215732978438538027044124792160205732783466743554277913048096079130929858741039160719512747085443670487196757762247685302467656484016373207501518725385320469744032049652989623205288772897 0 0 0 0 0 0 0 0 0 0 0 0 0 0 0 0 0 0 0 0 0 0 0 0 0 0 0 0 0 0 0 0 0 0 0 0 0 0 0 0 0 0 0 0 0 0 0 0 0 0 0 0 0 0 0 0 0 0 0 0 0 0 0 0 0 0 0 0 0 0 0 0 0 0 0 0 0 0 0 0 0 0 0 0 0 0 0 0 0 0 1 0 0 0 0 0 0 0 0
2977056929908046761124128552558930307365758317793032124065360074564348587399679581079123958029031047120477867217922671440303299732291408652253860802644738561187402788565205618503834132050183332543390270281817948060847300421369552763036528354014691023748689038469879857091937568114651995076034293910900 0 0 0 0 0 0 0 0 0 0 0 0 0 0 0 0 0 0 0 0 0 0 0 0 0 0 0 0 0 0 0 0 0 0 0 0 0 0 0 0 0 0 0 0 0 0 0 0 0 0 0 0 0 0 0 0 0 0 0 0 0 0 0 0 0 0 0 0 0 0 0 0 0 0 0 0 0 0 0 0 0 0 0 0 0 0 0 0 0 0 0 1 0 0 0 0 0 0 0
6488256490132543894915134652200119336413345624903296353036188995779482784943941692456914742990818691872412225859581053020837449265804076010027416741578721847740914807376561472743620170687148098647630628876112969900428652533956175636923874657366572055798451676030635265231683129499044687275431465199401 0 0 0 0 0 0 0 0 0 0 0 0 0 0 0 0 0 0 0 0 0 0 0 0 0 0 0 0 0 0 0 0 0 0 0 0 0 0 0 0 0 0 0 0 0 0 0 0 0 0 0 0 0 0 0 0 0 0 0 0 0 0 0 0 0 0 0 0 0 0 0 0 0 0 0 0 0 0 0 0 0 0 0 0 0 0 0 0 0 0 0 0 1 0 0 0 0 0 0
2594029865784525027875173680852694830647182900971766875042099856045877514433471226677316709126815450586413578508697947595124058653636085275993601041800951172771246208092801671844154368123454973262628729492721165404126070655890117793786324165836852202764373345079701434334064360338107934705814163831099 0 0 0 0 0 0 0 0 0 0 0 0 0 0 0 0 0 0 0 0 0 0 0 0 0 0 0 0 0 0 0 0 0 0 0 0 0 0 0 0 0 0 0 0 0 0 0 0 0 0 0 0 0 0 0 0 0 0 0 0 0 0 0 0 0 0 0 0 0 0 0 0 0 0 0 0 0 0 0 0 0 0 0 0 0 0 0 0 0 0 0 0 0 1 0 0 0 0 0
2108485265358355187159255386731240986331843566849892182121829515271169883944519374209476723817080034928236529948581025887293003949108776549110072398247846698210060487067075584593689881177396756783176274716512028742349407928005617459324481603220242396948359970875350835343114412647798363069597109241218 0 0 0 0 0 0 0 0 0 0 0 0 0 0 0 0 0 0 0 0 0 0 0 0 0 0 0 0 0 0 0 0 0 0 0 0 0 0 0 0 0 0 0 0 0 0 0 0 0 0 0 0 0 0 0 0 0 0 0 0 0 0 0 0 0 0 0 0 0 0 0 0 0 0 0 0 0 0 0 0 0 0 0 0 0 0 0 0 0 0 0 0 0 0 1 0 0 0 0
88848616899587364874414218980160849630160840902846314604566976520403349777777313737379945998494095474459846666961796132081094112148592668529445323303949601217346760454607110653343124400647262664389943056684021204572035952340370395562469500712076294652323386284636166764894862390299732315312143934470 0 0 0 0 0 0 0 0 0 0 0 0 0 0 0 0 0 0 0 0 0 0 0 0 0 0 0 0 0 0 0 0 0 0 0 0 0 0 0 0 0 0 0 0 0 0 0 0 0 0 0 0 0 0 0 0 0 0 0 0 0 0 0 0 0 0 0 0 0 0 0 0 0 0 0 0 0 0 0 0 0 0 0 0 0 0 0 0 0 0 0 0 0 0 0 1 0 0 0
4309198336967134615316403859318964381032607913622344450187604628735026888295179278544191328157530005805745154429708867897561589335025854551674841923287267742376476976347632262730279124664508873790421082387012626429063587519250611711915865145433975897816276968033110903903367609031162089245027728631023 0 0 0 0 0 0 0 0 0 0 0 0 0 0 0 0 0 0 0 0 0 0 0 0 0 0 0 0 0 0 0 0 0 0 0 0 0 0 0 0 0 0 0 0 0 0 0 0 0 0 0 0 0 0 0 0 0 0 0 0 0 0 0 0 0 0 0 0 0 0 0 0 0 0 0 0 0 0 0 0 0 0 0 0 0 0 0 0 0 0 0 0 0 0 0 0 1 0 0
5980612057327877378824307307665303279499066053999459008112837386727817983180054894155499315610807386536976710254722963973544310230012921389636072879488732026244684128490524403675964537115831141427794091503538318836339218399704696349976137613680617056651358658846500035197452466703776238736059116255929 0 0 0 0 0 0 0 0 0 0 0 0 0 0 0 0 0 0 0 0 0 0 0 0 0 0 0 0 0 0 0 0 0 0 0 0 0 0 0 0 0 0 0 0 0 0 0 0 0 0 0 0 0 0 0 0 0 0 0 0 0 0 0 0 0 0 0 0 0 0 0 0 0 0 0 0 0 0 0 0 0 0 0 0 0 0 0 0 0 0 0 0 0 0 0 0 0 1 0
2779222157646568084810565012137024039523899477265026004218415811919825721742543034667218014588970700476729234932409853120415584866445753927898531701338626660928389733798989378034130739854302350217118214210843905478065501891431763943409498278781585700909202417302352588617840345782834138226242779531871 0 0 0 0 0 0 0 0 0 0 0 0 0 0 0 0 0 0 0 0 0 0 0 0 0 0 0 0 0 0 0 0 0 0 0 0 0 0 0 0 0 0 0 0 0 0 0 0 0 0 0 0 0 0 0 0 0 0 0 0 0 0 0 0 0 0 0 0 0 0 0 0 0 0 0 0 0 0 0 0 0 0 0 0 0 0 0 0 0 0 0 0 0 0 0 0 0 0 1
