4414277847498517212780273615322343223162165347651952162660447969037048087511371929744623459029965448833867768192426577508643450406243226212753987084281677555563784082793908213057006080951754307856736289671667930848751429101489544644776496113 0 0 0 0 0 0 0 0 0 0 0 0 0 0 0 0 0 0 0 0 0 0 0 0 0 0 0 0 0 0 0 0 0 0 0 0 0 0 0 0 0 0 0 0 0 0 0 0 0 0 0 0 0 0 0 0 0 0 0 0 0 0 0 0 0 0 0 0 0 0 0 0 0 0 0 0 0 0 0
1411622262491305395361264131875902278823203734420811135710947469154387364263624038121533081333617552519446351141530166506854732774327740759202420515968918784194721355289554251196542254719667320208390284268692635885767842139383330888117476103 1 0 0 0 0 0 0 0 0 0 0 0 0 0 0 0 0 0 0 0 0 0 0 0 0 0 0 0 0 0 0 0 0 0 0 0 0 0 0 0 0 0 0 0 0 0 0 0 0 0 0 0 0 0 0 0 0 0 0 0 0 0 0 0 0 0 0 0 0 0 0 0 0 0 0 0 0 0 0
644660467739410284403976200077023322897363590699889563125006802017929698195823019312701261782237092446595144930557812217262371256223812395519213598708591133404438697945539569482647728462713528919949452074107654154640266008301546936337574524 0 1 0 0 0 0 0 0 0 0 0 0 0 0 0 0 0 0 0 0 0 0 0 0 0 0 0 0 0 0 0 0 0 0 0 0 0 0 0 0 0 0 0 0 0 0 0 0 0 0 0 0 0 0 0 0 0 0 0 0 0 0 0 0 0 0 0 0 0 0 0 0 0 0 0 0 0 0 0
3772420074101477842722626305216125619268600750873139415179759985476619571896229472968812212437392600722018565227341161633959258962907804623985936353439369275591236758771169824571169279657609568329759443682791641451328289434937267875467400356 0 0 1 0 0 0 0 0 0 0 0 0 0 0 0 0 0 0 0 0 0 0 0 0 0 0 0 0 0 0 0 0 0 0 0 0 0 0 0 0 0 0 0 0 0 0 0 0 0 0 0 0 0 0 0 0 0 0 0 0 0 0 0 0 0 0 0 0 0 0 0 0 0 0 0 0 0 0 0
102734444197469265545015060482098871226375718722890917637845910395259051172871763214738111682427258940874450300738160194603106449217320389732959819179524244212347912679483256460400706001760536837957556311995130284661404579915164269385175131 0 0 0 1 0 0 0 0 0 0 0 0 0 0 0 0 0 0 0 0 0 0 0 0 0 0 0 0 0 0 0 0 0 0 0 0 0 0 0 0 0 0 0 0 0 0 0 0 0 0 0 0 0 0 0 0 0 0 0 0 0 0 0 0 0 0 0 0 0 0 0 0 0 0 0 0 0 0 0
3988257263517901207727373918787216643725124336457204377136340368865382656490170211189437279787031931343800240720637097642514091484025366126598690967360516371484045124718209676465486507017831859274309996996848284867770513006186537032618319168 0 0 0 0 1 0 0 0 0 0 0 0 0 0 0 0 0 0 0 0 0 0 0 0 0 0 0 0 0 0 0 0 0 0 0 0 0 0 0 0 0 0 0 0 0 0 0 0 0 0 0 0 0 0 0 0 0 0 0 0 0 0 0 0 0 0 0 0 0 0 0 0 0 0 0 0 0 0 0
1900225092610672435539258490199015957004873158063581109546891334118675877620362221227328746733894251695875963303196443508584747310726261993942816552935890226372772434079678259251773814130803840629873903495091671694772379251403345768276889363 0 0 0 0 0 1 0 0 0 0 0 0 0 0 0 0 0 0 0 0 0 0 0 0 0 0 0 0 0 0 0 0 0 0 0 0 0 0 0 0 0 0 0 0 0 0 0 0 0 0 0 0 0 0 0 0 0 0 0 0 0 0 0 0 0 0 0 0 0 0 0 0 0 0 0 0 0 0 0
4075937977487079132411210588621000804313172985032364235125447496977159370157967517769093244631520576173639867199700130658591880999378692079965712492525266268915380212730643122995364966742563166966697010483840094026129529914367611853108310978 0 0 0 0 0 0 1 0 0 0 0 0 0 0 0 0 0 0 0 0 0 0 0 0 0 0 0 0 0 0 0 0 0 0 0 0 0 0 0 0 0 0 0 0 0 0 0 0 0 0 0 0 0 0 0 0 0 0 0 0 0 0 0 0 0 0 0 0 0 0 0 0 0 0 0 0 0 0 0
3510470685288548175980642640247751224742879374943940774987854430509593363530478197509295507946148345099072337964317033686824915072496907802659872250013937854323282660685686205346982353900483886470512055904457902505026885408672235155717203633 0 0 0 0 0 0 0 1 0 0 0 0 0 0 0 0 0 0 0 0 0 0 0 0 0 0 0 0 0 0 0 0 0 0 0 0 0 0 0 0 0 0 0 0 0 0 0 0 0 0 0 0 0 0 0 0 0 0 0 0 0 0 0 0 0 0 0 0 0 0 0 0 0 0 0 0 0 0 0
2204629312900197167191460412156883252778421554676180871213686794161642998864345755292935392207567286808489123500630879667289320088875160731797761999271964241769718748996397430883293954060960429559709207365594781490348006592385891073644972483 0 0 0 0 0 0 0 0 1 0 0 0 0 0 0 0 0 0 0 0 0 0 0 0 0 0 0 0 0 0 0 0 0 0 0 0 0 0 0 0 0 0 0 0 0 0 0 0 0 0 0 0 0 0 0 0 0 0 0 0 0 0 0 0 0 0 0 0 0 0 0 0 0 0 0 0 0 0 0
3018821212001573893409551545833871587392027092014242948116694375687800936969002055283248025562744122903565943160235342116107917326441350893832664808532933940041307528399056789497729118105645956392281725440286744012944020597525361963323668146 0 0 0 0 0 0 0 0 0 1 0 0 0 0 0 0 0 0 0 0 0 0 0 0 0 0 0 0 0 0 0 0 0 0 0 0 0 0 0 0 0 0 0 0 0 0 0 0 0 0 0 0 0 0 0 0 0 0 0 0 0 0 0 0 0 0 0 0 0 0 0 0 0 0 0 0 0 0 0
2927393357549241649936164652695629554947685379915193458963323814339108301928810606039254451458071522975215199517496792975492920216299207792051200707674190521570506879407948898553440023398769922959656533197059992855781013779738702829384923028 0 0 0 0 0 0 0 0 0 0 1 0 0 0 0 0 0 0 0 0 0 0 0 0 0 0 0 0 0 0 0 0 0 0 0 0 0 0 0 0 0 0 0 0 0 0 0 0 0 0 0 0 0 0 0 0 0 0 0 0 0 0 0 0 0 0 0 0 0 0 0 0 0 0 0 0 0 0 0
2229951968318623936059351901186244350684992217817049409284328243126895603482382213865133567920290990338162012608583197075269892806489169639948624846356165575537137800733961294404890882861669485926051422735069368221914213076586849159810565464 0 0 0 0 0 0 0 0 0 0 0 1 0 0 0 0 0 0 0 0 0 0 0 0 0 0 0 0 0 0 0 0 0 0 0 0 0 0 0 0 0 0 0 0 0 0 0 0 0 0 0 0 0 0 0 0 0 0 0 0 0 0 0 0 0 0 0 0 0 0 0 0 0 0 0 0 0 0 0
1208152326770964280868738807492530483942299307602666625432674749524532183049720860026328774388433988670951350148981854346778671088198345545435728754958435807516300725289683157309645741339249040901875586286975236470936694809802148730084140767 0 0 0 0 0 0 0 0 0 0 0 0 1 0 0 0 0 0 0 0 0 0 0 0 0 0 0 0 0 0 0 0 0 0 0 0 0 0 0 0 0 0 0 0 0 0 0 0 0 0 0 0 0 0 0 0 0 0 0 0 0 0 0 0 0 0 0 0 0 0 0 0 0 0 0 0 0 0 0
1688438620856319421261135339412197974587194599426634945651406494952044825655408643193848723403840474517687289845099525667057004862194997826498324318774940531024004752335996817199373998624976022577770943134949243311392378961231106484450602323 0 0 0 0 0 0 0 0 0 0 0 0 0 1 0 0 0 0 0 0 0 0 0 0 0 0 0 0 0 0 0 0 0 0 0 0 0 0 0 0 0 0 0 0 0 0 0 0 0 0 0 0 0 0 0 0 0 0 0 0 0 0 0 0 0 0 0 0 0 0 0 0 0 0 0 0 0 0 0
2464282783871715986680820561397629835061609928957783815710184530972354322640149940980162424663358906773974902234990979778700805436338219931407703624276956200283881146486274550298891744792614470774753614793638351595047079897674541043187688428 0 0 0 0 0 0 0 0 0 0 0 0 0 0 1 0 0 0 0 0 0 0 0 0 0 0 0 0 0 0 0 0 0 0 0 0 0 0 0 0 0 0 0 0 0 0 0 0 0 0 0 0 0 0 0 0 0 0 0 0 0 0 0 0 0 0 0 0 0 0 0 0 0 0 0 0 0 0 0
3052516920469481872733892085682517212722152369437458556890737905570594226944586443097072674682900164879127864185080058353569692120261712054255467631520242576917521752578475781687171900302659575224365875970427300301370016611621810637637073431 0 0 0 0 0 0 0 0 0 0 0 0 0 0 0 1 0 0 0 0 0 0 0 0 0 0 0 0 0 0 0 0 0 0 0 0 0 0 0 0 0 0 0 0 0 0 0 0 0 0 0 0 0 0 0 0 0 0 0 0 0 0 0 0 0 0 0 0 0 0 0 0 0 0 0 0 0 0 0
1607041074453131086829488255302767038140625295861093736245734944046615352485442162564646236013490297797397465801848243377788143941359062360242051427953221538465828355436493268424042840346846433135057591135886012142992367798739410308914629633 0 0 0 0 0 0 0 0 0 0 0 0 0 0 0 0 1 0 0 0 0 0 0 0 0 0 0 0 0 0 0 0 0 0 0 0 0 0 0 0 0 0 0 0 0 0 0 0 0 0 0 0 0 0 0 0 0 0 0 0 0 0 0 0 0 0 0 0 0 0 0 0 0 0 0 0 0 0 0
2483385535079591250724085756574168112223087294599861417245025132849838089292435004626295455339619377226621722732200133902175664292420969870210416549699371659190167812069722361139203142286234137551509831910802312302486176729060040593451930931 0 0 0 0 0 0 0 0 0 0 0 0 0 0 0 0 0 1 0 0 0 0 0 0 0 0 0 0 0 0 0 0 0 0 0 0 0 0 0 0 0 0 0 0 0 0 0 0 0 0 0 0 0 0 0 0 0 0 0 0 0 0 0 0 0 0 0 0 0 0 0 0 0 0 0 0 0 0 0
3540914686843041867296268162341418854806016668256741303734514756281238182203763565752472292777452822363293124539399380964629374301367383565887063779351387314313037345585263816079870887606395103201265494195694822407084963929648459899581222929 0 0 0 0 0 0 0 0 0 0 0 0 0 0 0 0 0 0 1 0 0 0 0 0 0 0 0 0 0 0 0 0 0 0 0 0 0 0 0 0 0 0 0 0 0 0 0 0 0 0 0 0 0 0 0 0 0 0 0 0 0 0 0 0 0 0 0 0 0 0 0 0 0 0 0 0 0 0 0
3443249187404017446713625626752319707630670745439373421700347290698258857384726493377229630548971785150623054246934810136413570853587340147560308145499057549948986321698388386964644468584670014230960136292786788746755897840805496088151289803 0 0 0 0 0 0 0 0 0 0 0 0 0 0 0 0 0 0 0 1 0 0 0 0 0 0 0 0 0 0 0 0 0 0 0 0 0 0 0 0 0 0 0 0 0 0 0 0 0 0 0 0 0 0 0 0 0 0 0 0 0 0 0 0 0 0 0 0 0 0 0 0 0 0 0 0 0 0 0
2319338106378624007245163267076354151005458142891806888769327249489278483237628829093107545165356778986734985949447335623593458448436019594111376670576549658889069491918301455473777206482422867515470497171232151303840212979272397599456179190 0 0 0 0 0 0 0 0 0 0 0 0 0 0 0 0 0 0 0 0 1 0 0 0 0 0 0 0 0 0 0 0 0 0 0 0 0 0 0 0 0 0 0 0 0 0 0 0 0 0 0 0 0 0 0 0 0 0 0 0 0 0 0 0 0 0 0 0 0 0 0 0 0 0 0 0 0 0 0
3271347282472778213856516926275441626855202601728245711148800476755039257613909195069765040104929355247847162024554998325335146675408165548549823021406821406472599391890194835636941777942262782805235740373883379036068568594575900700646401614 0 0 0 0 0 0 0 0 0 0 0 0 0 0 0 0 0 0 0 0 0 1 0 0 0 0 0 0 0 0 0 0 0 0 0 0 0 0 0 0 0 0 0 0 0 0 0 0 0 0 0 0 0 0 0 0 0 0 0 0 0 0 0 0 0 0 0 0 0 0 0 0 0 0 0 0 0 0 0
1391087022131314240579851065783243476024820068210975890957817211884600074529895469158630064493014519045778321856751258098759729011139554009468455126808996643733790330758365504138297298155780060445800551688549971079237845923939897026722297726 0 0 0 0 0 0 0 0 0 0 0 0 0 0 0 0 0 0 0 0 0 0 1 0 0 0 0 0 0 0 0 0 0 0 0 0 0 0 0 0 0 0 0 0 0 0 0 0 0 0 0 0 0 0 0 0 0 0 0 0 0 0 0 0 0 0 0 0 0 0 0 0 0 0 0 0 0 0 0
2624145805533702581951014993979062814130003899681436193533477743387573051671029013145473349317302031869803968546922399139998846420438699378078928954561879170201088280887010639927522350809989308441386624757119660565204115066855778457849356474 0 0 0 0 0 0 0 0 0 0 0 0 0 0 0 0 0 0 0 0 0 0 0 1 0 0 0 0 0 0 0 0 0 0 0 0 0 0 0 0 0 0 0 0 0 0 0 0 0 0 0 0 0 0 0 0 0 0 0 0 0 0 0 0 0 0 0 0 0 0 0 0 0 0 0 0 0 0 0
1594715840587202924566865770800504998264158466991447975878709516634787688289755368747951032687730004172155161709992566807174711555633349809871747254358423702394361437235764255193566725311901705946188813728343878784516154182654957995704168588 0 0 0 0 0 0 0 0 0 0 0 0 0 0 0 0 0 0 0 0 0 0 0 0 1 0 0 0 0 0 0 0 0 0 0 0 0 0 0 0 0 0 0 0 0 0 0 0 0 0 0 0 0 0 0 0 0 0 0 0 0 0 0 0 0 0 0 0 0 0 0 0 0 0 0 0 0 0 0
3870128661997026732271101102715606799281153587942855640340196299497516647943232351974509372967607193798662246855755002947511880743254786831782612564796550579799525732513377736680882373709956736344257055882628782568494189250902791594013165531 0 0 0 0 0 0 0 0 0 0 0 0 0 0 0 0 0 0 0 0 0 0 0 0 0 1 0 0 0 0 0 0 0 0 0 0 0 0 0 0 0 0 0 0 0 0 0 0 0 0 0 0 0 0 0 0 0 0 0 0 0 0 0 0 0 0 0 0 0 0 0 0 0 0 0 0 0 0 0
3088168991180757511645444037955287244361878579987103886602929672764629622764975682779248461296706549040831012856349951408312796258151022606823887349507861483864134123817309637764112206432424568630424198412255495782322242764316452201857782206 0 0 0 0 0 0 0 0 0 0 0 0 0 0 0 0 0 0 0 0 0 0 0 0 0 0 1 0 0 0 0 0 0 0 0 0 0 0 0 0 0 0 0 0 0 0 0 0 0 0 0 0 0 0 0 0 0 0 0 0 0 0 0 0 0 0 0 0 0 0 0 0 0 0 0 0 0 0 0
2577623582495651525134288537806795251952763890613195072907915583992025518992870670441795384144541314916710937834015798864738921079661164187987851421490176662538194473151875546033531915199218450616542481849982848664787493609682929029923607320 0 0 0 0 0 0 0 0 0 0 0 0 0 0 0 0 0 0 0 0 0 0 0 0 0 0 0 1 0 0 0 0 0 0 0 0 0 0 0 0 0 0 0 0 0 0 0 0 0 0 0 0 0 0 0 0 0 0 0 0 0 0 0 0 0 0 0 0 0 0 0 0 0 0 0 0 0 0 0
1972348622437841674170179084269595440640557091442411565055202741798264282348721552222759228368613244220246758710453508218899487260002977221592145339981404669061962895156883807758342354509118908202816211546131382193570032979550510586166445377 0 0 0 0 0 0 0 0 0 0 0 0 0 0 0 0 0 0 0 0 0 0 0 0 0 0 0 0 1 0 0 0 0 0 0 0 0 0 0 0 0 0 0 0 0 0 0 0 0 0 0 0 0 0 0 0 0 0 0 0 0 0 0 0 0 0 0 0 0 0 0 0 0 0 0 0 0 0 0
663471048406854100469720813790533284741059822568676779860814340923545245839589725590127177304767027076041932129229616593398598384565261450308372522388045888380532694100599789220650566494569351269178572971876826605181964622443936856321579152 0 0 0 0 0 0 0 0 0 0 0 0 0 0 0 0 0 0 0 0 0 0 0 0 0 0 0 0 0 1 0 0 0 0 0 0 0 0 0 0 0 0 0 0 0 0 0 0 0 0 0 0 0 0 0 0 0 0 0 0 0 0 0 0 0 0 0 0 0 0 0 0 0 0 0 0 0 0 0
3486734295517181914192542298284190940515055479082400839194132411540946467012755147297984944854260138539114511422184935013086153061786430829430366238400534806794386287875327063597537789854288925888109434910989078269665428082234127672869659310 0 0 0 0 0 0 0 0 0 0 0 0 0 0 0 0 0 0 0 0 0 0 0 0 0 0 0 0 0 0 1 0 0 0 0 0 0 0 0 0 0 0 0 0 0 0 0 0 0 0 0 0 0 0 0 0 0 0 0 0 0 0 0 0 0 0 0 0 0 0 0 0 0 0 0 0 0 0 0
509041250234611926389859820498462957765579791256563880154092386500653763836593855068879626845735344860278867612338398502807466145421779743499189649712487314750653189449670181060732265496804134998295753043933753841712563117580338263795799592 0 0 0 0 0 0 0 0 0 0 0 0 0 0 0 0 0 0 0 0 0 0 0 0 0 0 0 0 0 0 0 1 0 0 0 0 0 0 0 0 0 0 0 0 0 0 0 0 0 0 0 0 0 0 0 0 0 0 0 0 0 0 0 0 0 0 0 0 0 0 0 0 0 0 0 0 0 0 0
396556072994751930595988716011902408965013269998935935194964683343009761928882403343813634660428709031338015703627368851878762125903266024532452045695295898623107936753342714259263482526078078534291620842303194693866113563128656302450631396 0 0 0 0 0 0 0 0 0 0 0 0 0 0 0 0 0 0 0 0 0 0 0 0 0 0 0 0 0 0 0 0 1 0 0 0 0 0 0 0 0 0 0 0 0 0 0 0 0 0 0 0 0 0 0 0 0 0 0 0 0 0 0 0 0 0 0 0 0 0 0 0 0 0 0 0 0 0 0
4130406212094370635206202280184875255441830025286292583171566209206944731457221737803207037277153817263804698035275462645954505122996671303189768354631791445973763234462087706023914533608852677165970214339783147559498267614572162782496225091 0 0 0 0 0 0 0 0 0 0 0 0 0 0 0 0 0 0 0 0 0 0 0 0 0 0 0 0 0 0 0 0 0 1 0 0 0 0 0 0 0 0 0 0 0 0 0 0 0 0 0 0 0 0 0 0 0 0 0 0 0 0 0 0 0 0 0 0 0 0 0 0 0 0 0 0 0 0 0
136653703001803215049021846945755284137013631433688484419013975279771980714275718054812987212720428841053916805237916886883026539522608371893160130638533241872546799306062681669244949902088532660032111055620039502267288817709622118933689346 0 0 0 0 0 0 0 0 0 0 0 0 0 0 0 0 0 0 0 0 0 0 0 0 0 0 0 0 0 0 0 0 0 0 1 0 0 0 0 0 0 0 0 0 0 0 0 0 0 0 0 0 0 0 0 0 0 0 0 0 0 0 0 0 0 0 0 0 0 0 0 0 0 0 0 0 0 0 0
2164067301821518133676569034460025345047445612291330763703761233343620324548881343673449415646295855820487511434037533195174539433627227523181269366969637001437581821606296355068858233003323834851792555331598365284830073826997309438348634850 0 0 0 0 0 0 0 0 0 0 0 0 0 0 0 0 0 0 0 0 0 0 0 0 0 0 0 0 0 0 0 0 0 0 0 1 0 0 0 0 0 0 0 0 0 0 0 0 0 0 0 0 0 0 0 0 0 0 0 0 0 0 0 0 0 0 0 0 0 0 0 0 0 0 0 0 0 0 0
1156049570425821544765931834048635627709937268299691441642734668791931065293919160453482107856259439589140562170619844019015075101975823377979660661493154647916299252287960863034335653733650661800094460167915103140184740730882183706803979527 0 0 0 0 0 0 0 0 0 0 0 0 0 0 0 0 0 0 0 0 0 0 0 0 0 0 0 0 0 0 0 0 0 0 0 0 1 0 0 0 0 0 0 0 0 0 0 0 0 0 0 0 0 0 0 0 0 0 0 0 0 0 0 0 0 0 0 0 0 0 0 0 0 0 0 0 0 0 0
2148011029359283843307351797575201553555436582317630063161489979098139338229808395194020033259087259834974421227327766912139378229665298313590435438654792967509243329642280567442489555272170705391688319161736538313466184517318161888560964604 0 0 0 0 0 0 0 0 0 0 0 0 0 0 0 0 0 0 0 0 0 0 0 0 0 0 0 0 0 0 0 0 0 0 0 0 0 1 0 0 0 0 0 0 0 0 0 0 0 0 0 0 0 0 0 0 0 0 0 0 0 0 0 0 0 0 0 0 0 0 0 0 0 0 0 0 0 0 0
2922013089781999409078195863081815228350663685603980774059959095933387859408748312490414251684075323513959839225843498706566053457477443471224770818898487270525260604985501154883232086909789563258388071212697322199988383772852751150510676265 0 0 0 0 0 0 0 0 0 0 0 0 0 0 0 0 0 0 0 0 0 0 0 0 0 0 0 0 0 0 0 0 0 0 0 0 0 0 1 0 0 0 0 0 0 0 0 0 0 0 0 0 0 0 0 0 0 0 0 0 0 0 0 0 0 0 0 0 0 0 0 0 0 0 0 0 0 0 0
3862477608879013561449421598685699144244577726512579845286176205261000908883281531506533052456022884698743397375102858001727033032439307555208398725083884780633043464052024285472591331446345374554371488002888865925070800906490699475656981890 0 0 0 0 0 0 0 0 0 0 0 0 0 0 0 0 0 0 0 0 0 0 0 0 0 0 0 0 0 0 0 0 0 0 0 0 0 0 0 1 0 0 0 0 0 0 0 0 0 0 0 0 0 0 0 0 0 0 0 0 0 0 0 0 0 0 0 0 0 0 0 0 0 0 0 0 0 0 0
4066069676517664946455398612217503851836236895601958068437337655862239926458977042116524946148703745687600360257187404858133649228886274719313421512853816262121896956860629150509893861282929759556159780024498108519461585628112985854428561407 0 0 0 0 0 0 0 0 0 0 0 0 0 0 0 0 0 0 0 0 0 0 0 0 0 0 0 0 0 0 0 0 0 0 0 0 0 0 0 0 1 0 0 0 0 0 0 0 0 0 0 0 0 0 0 0 0 0 0 0 0 0 0 0 0 0 0 0 0 0 0 0 0 0 0 0 0 0 0
1975273702990078466686656049735431065201317372462945622038203092207671843437049922710656975802000400007896274410224981953081822294812457595070526632788271212684209804698465284504898697099187477090126556977621827350399897856198875812640011560 0 0 0 0 0 0 0 0 0 0 0 0 0 0 0 0 0 0 0 0 0 0 0 0 0 0 0 0 0 0 0 0 0 0 0 0 0 0 0 0 0 1 0 0 0 0 0 0 0 0 0 0 0 0 0 0 0 0 0 0 0 0 0 0 0 0 0 0 0 0 0 0 0 0 0 0 0 0 0
2362758793054550852286023702130978785078559386749974220022044984858833400357222939668721198198611318236178115798591179917518666195388546395684606191681077230905049788773447679364642330166171575565025673054535625852151236974551730896846959701 0 0 0 0 0 0 0 0 0 0 0 0 0 0 0 0 0 0 0 0 0 0 0 0 0 0 0 0 0 0 0 0 0 0 0 0 0 0 0 0 0 0 1 0 0 0 0 0 0 0 0 0 0 0 0 0 0 0 0 0 0 0 0 0 0 0 0 0 0 0 0 0 0 0 0 0 0 0 0
258143272011458652878661945939985180288841968959688399057694895583968066762373305850074720952751208645187292273382009804513150885388741714943673890177882814305799623754365496008182976207456648661579851660291363049895831060197448453164259363 0 0 0 0 0 0 0 0 0 0 0 0 0 0 0 0 0 0 0 0 0 0 0 0 0 0 0 0 0 0 0 0 0 0 0 0 0 0 0 0 0 0 0 1 0 0 0 0 0 0 0 0 0 0 0 0 0 0 0 0 0 0 0 0 0 0 0 0 0 0 0 0 0 0 0 0 0 0 0
4127619111928223577847058491831472831489135285005635186643315594953300591123541917204190015269042704622624322654752934405074372979081989009995068586587098049730462248558755269116067364297452752277544230228766820353243371766508766670767263594 0 0 0 0 0 0 0 0 0 0 0 0 0 0 0 0 0 0 0 0 0 0 0 0 0 0 0 0 0 0 0 0 0 0 0 0 0 0 0 0 0 0 0 0 1 0 0 0 0 0 0 0 0 0 0 0 0 0 0 0 0 0 0 0 0 0 0 0 0 0 0 0 0 0 0 0 0 0 0
403420107689087730219654161242062331332187926013011729645113061662634121109620410593190400880648407402075896086499325658824077940740127088921656528739945855832144661744317324764658921574592416195640263859999075217893533879271557396279792544 0 0 0 0 0 0 0 0 0 0 0 0 0 0 0 0 0 0 0 0 0 0 0 0 0 0 0 0 0 0 0 0 0 0 0 0 0 0 0 0 0 0 0 0 0 1 0 0 0 0 0 0 0 0 0 0 0 0 0 0 0 0 0 0 0 0 0 0 0 0 0 0 0 0 0 0 0 0 0
2768245312469470547583102675899031818740026839254245712919095736181110364370962936884681582579230150566315357512868416900508674627355351529157224395502444261346929518962636460207887484367860475077926146720774986960481439501015074254800812130 0 0 0 0 0 0 0 0 0 0 0 0 0 0 0 0 0 0 0 0 0 0 0 0 0 0 0 0 0 0 0 0 0 0 0 0 0 0 0 0 0 0 0 0 0 0 1 0 0 0 0 0 0 0 0 0 0 0 0 0 0 0 0 0 0 0 0 0 0 0 0 0 0 0 0 0 0 0 0
1935678574436645909308654785275796450905054389730032518096980932146989579935418792333785517620582060758322867195764765065437812586649022343526187566276060451877195770752634088244432143000932254802212768657944706273981708381207376564050947261 0 0 0 0 0 0 0 0 0 0 0 0 0 0 0 0 0 0 0 0 0 0 0 0 0 0 0 0 0 0 0 0 0 0 0 0 0 0 0 0 0 0 0 0 0 0 0 1 0 0 0 0 0 0 0 0 0 0 0 0 0 0 0 0 0 0 0 0 0 0 0 0 0 0 0 0 0 0 0
784585416955063227717398363083031205571941757027429853499836355554520478201705610359660329793567940583813769891250170533398672169245918377700854846760713809917173886707668518741451256469232081143418633082072890010136272114480019158020108017 0 0 0 0 0 0 0 0 0 0 0 0 0 0 0 0 0 0 0 0 0 0 0 0 0 0 0 0 0 0 0 0 0 0 0 0 0 0 0 0 0 0 0 0 0 0 0 0 1 0 0 0 0 0 0 0 0 0 0 0 0 0 0 0 0 0 0 0 0 0 0 0 0 0 0 0 0 0 0
208474324983895232752628070301109231299939281537864394231551311668606227560462543452539639773173234543827232498001844287609464462889716586708157140189273380438016125710746814264846202837423604806606236981275664801858601988375856849500504840 0 0 0 0 0 0 0 0 0 0 0 0 0 0 0 0 0 0 0 0 0 0 0 0 0 0 0 0 0 0 0 0 0 0 0 0 0 0 0 0 0 0 0 0 0 0 0 0 0 1 0 0 0 0 0 0 0 0 0 0 0 0 0 0 0 0 0 0 0 0 0 0 0 0 0 0 0 0 0
3934530648017945830038969578624214966027014705197067969349228067313198757642372253875876846118511648674099385182160018891907106477504551088673344919196920427104811588160938215023926263046746925420111423796417586902734808470396868007069999262 0 0 0 0 0 0 0 0 0 0 0 0 0 0 0 0 0 0 0 0 0 0 0 0 0 0 0 0 0 0 0 0 0 0 0 0 0 0 0 0 0 0 0 0 0 0 0 0 0 0 1 0 0 0 0 0 0 0 0 0 0 0 0 0 0 0 0 0 0 0 0 0 0 0 0 0 0 0 0
1722899025375273371920009506409654152276803705754182343459726651326808116750676593891934732464746779887244130310201147761966026935888628542118498451986699275727408165349240215244720376376196047774108346521373228871643104469854853735537191065 0 0 0 0 0 0 0 0 0 0 0 0 0 0 0 0 0 0 0 0 0 0 0 0 0 0 0 0 0 0 0 0 0 0 0 0 0 0 0 0 0 0 0 0 0 0 0 0 0 0 0 1 0 0 0 0 0 0 0 0 0 0 0 0 0 0 0 0 0 0 0 0 0 0 0 0 0 0 0
1830991495223525529665947043656315380908079186462185420999888005147126703230548204557040117981201781046266588820921709452343716388353812315961444127006686274906197915285025196716774252448304493931103907013527802987975537877041193919968119134 0 0 0 0 0 0 0 0 0 0 0 0 0 0 0 0 0 0 0 0 0 0 0 0 0 0 0 0 0 0 0 0 0 0 0 0 0 0 0 0 0 0 0 0 0 0 0 0 0 0 0 0 1 0 0 0 0 0 0 0 0 0 0 0 0 0 0 0 0 0 0 0 0 0 0 0 0 0 0
2524058814211727465677049381391660939626937931683307483631559907353723575105377703851915527190003653277498232080959840698671223268686386944500022868793999108353110088935502597304995228276766693379726274894970595261370776010753606497627374867 0 0 0 0 0 0 0 0 0 0 0 0 0 0 0 0 0 0 0 0 0 0 0 0 0 0 0 0 0 0 0 0 0 0 0 0 0 0 0 0 0 0 0 0 0 0 0 0 0 0 0 0 0 1 0 0 0 0 0 0 0 0 0 0 0 0 0 0 0 0 0 0 0 0 0 0 0 0 0
1332634212791446482909200135338444455895569162370337912193459524245936196738435893894184682527104811940124502148244057651211961059229864308954667146016960789623986040926248022683517768391025531683348191341571506318597157745578208842509433670 0 0 0 0 0 0 0 0 0 0 0 0 0 0 0 0 0 0 0 0 0 0 0 0 0 0 0 0 0 0 0 0 0 0 0 0 0 0 0 0 0 0 0 0 0 0 0 0 0 0 0 0 0 0 1 0 0 0 0 0 0 0 0 0 0 0 0 0 0 0 0 0 0 0 0 0 0 0 0
2749855193638523494161752954342783155704376142560954898867159190907593126339641823243627418269390072664604788496042626949508201177781804383120083623037155266995005112765073275919931267583389897251265497055027174995101908606887598427047528825 0 0 0 0 0 0 0 0 0 0 0 0 0 0 0 0 0 0 0 0 0 0 0 0 0 0 0 0 0 0 0 0 0 0 0 0 0 0 0 0 0 0 0 0 0 0 0 0 0 0 0 0 0 0 0 1 0 0 0 0 0 0 0 0 0 0 0 0 0 0 0 0 0 0 0 0 0 0 0
2422817879579628721732944258141600663219447706803715139305505790951359091236280543077789953374215553848568454831941509026316907752262569051525267928949223935130131119720853357985076107169154054539187621681936299570244322654476146558153442400 0 0 0 0 0 0 0 0 0 0 0 0 0 0 0 0 0 0 0 0 0 0 0 0 0 0 0 0 0 0 0 0 0 0 0 0 0 0 0 0 0 0 0 0 0 0 0 0 0 0 0 0 0 0 0 0 1 0 0 0 0 0 0 0 0 0 0 0 0 0 0 0 0 0 0 0 0 0 0
2723025113663683019094231266283624840770689259133429607352285879945097849308054515073071541528002168585613652144227543178227910224987006751722687566016217571939716328096213488646574511015916315018636180795270233185282637665556708538523334466 0 0 0 0 0 0 0 0 0 0 0 0 0 0 0 0 0 0 0 0 0 0 0 0 0 0 0 0 0 0 0 0 0 0 0 0 0 0 0 0 0 0 0 0 0 0 0 0 0 0 0 0 0 0 0 0 0 1 0 0 0 0 0 0 0 0 0 0 0 0 0 0 0 0 0 0 0 0 0
3377232683389351587719728221920712434596028476443771286222147203492936908795071758353549150287614299830420250405131405337815091353663362521887189855970632982163063167841065132372410195130452858087313363479905871622552879632337126365665934690 0 0 0 0 0 0 0 0 0 0 0 0 0 0 0 0 0 0 0 0 0 0 0 0 0 0 0 0 0 0 0 0 0 0 0 0 0 0 0 0 0 0 0 0 0 0 0 0 0 0 0 0 0 0 0 0 0 0 1 0 0 0 0 0 0 0 0 0 0 0 0 0 0 0 0 0 0 0 0
2261380252504394372623285370323107520383129695164844701510212512705927474399108323575781564342411378979865547349467694287777172389907299565762177963407613232676843049015566828972678450418930429908213925046654806162719595375245731819432482563 0 0 0 0 0 0 0 0 0 0 0 0 0 0 0 0 0 0 0 0 0 0 0 0 0 0 0 0 0 0 0 0 0 0 0 0 0 0 0 0 0 0 0 0 0 0 0 0 0 0 0 0 0 0 0 0 0 0 0 1 0 0 0 0 0 0 0 0 0 0 0 0 0 0 0 0 0 0 0
418096276089550381584362451249938225323356787903699709618463484984786973493476843173361587225026161808601975499808047180346909812590031795702559919079835962302356768246643405688809698939216824188992248930278382435969996064275798915841605476 0 0 0 0 0 0 0 0 0 0 0 0 0 0 0 0 0 0 0 0 0 0 0 0 0 0 0 0 0 0 0 0 0 0 0 0 0 0 0 0 0 0 0 0 0 0 0 0 0 0 0 0 0 0 0 0 0 0 0 0 1 0 0 0 0 0 0 0 0 0 0 0 0 0 0 0 0 0 0
474794990060167576185165824718260901902621935655331614125854789421764449118050957466415103797415529977546095611751299562617195486963410920397916462111720372882409825428913540270918343116459246507716106145172092962353757181735879748362587068 0 0 0 0 0 0 0 0 0 0 0 0 0 0 0 0 0 0 0 0 0 0 0 0 0 0 0 0 0 0 0 0 0 0 0 0 0 0 0 0 0 0 0 0 0 0 0 0 0 0 0 0 0 0 0 0 0 0 0 0 0 1 0 0 0 0 0 0 0 0 0 0 0 0 0 0 0 0 0
2898060891527935015382525716397905034341401979345963745872496143297222421221355784702261685859311735455278764640431523027240368897254031584425749749471580740027976343318785219183979722149219582956692306106693841639689828451946807145725846905 0 0 0 0 0 0 0 0 0 0 0 0 0 0 0 0 0 0 0 0 0 0 0 0 0 0 0 0 0 0 0 0 0 0 0 0 0 0 0 0 0 0 0 0 0 0 0 0 0 0 0 0 0 0 0 0 0 0 0 0 0 0 1 0 0 0 0 0 0 0 0 0 0 0 0 0 0 0 0
4208517788663609391487617408438555435814063353318808427073658864138931569066247278885357057011459341388791679041734497499722764451598459632390829204148986416889655981887927330848940590944780929722042593609970034484479691030599907207723406706 0 0 0 0 0 0 0 0 0 0 0 0 0 0 0 0 0 0 0 0 0 0 0 0 0 0 0 0 0 0 0 0 0 0 0 0 0 0 0 0 0 0 0 0 0 0 0 0 0 0 0 0 0 0 0 0 0 0 0 0 0 0 0 1 0 0 0 0 0 0 0 0 0 0 0 0 0 0 0
3822071328858758695479495887313794934838153144304865001145137055053723551093117459029186178001581999985117748960840852587915787745424685213473679572485008147932397889334452157197030264733210598323592424550219096328628337427343295277466313261 0 0 0 0 0 0 0 0 0 0 0 0 0 0 0 0 0 0 0 0 0 0 0 0 0 0 0 0 0 0 0 0 0 0 0 0 0 0 0 0 0 0 0 0 0 0 0 0 0 0 0 0 0 0 0 0 0 0 0 0 0 0 0 0 1 0 0 0 0 0 0 0 0 0 0 0 0 0 0
463445932388788056666141899760003590822050448594495020947967544734034656843663794709969586028955894129798562719009081766036203458978838980022618768693030895781599628093866742133636969519176389301980164692790593229143616031654959295197148376 0 0 0 0 0 0 0 0 0 0 0 0 0 0 0 0 0 0 0 0 0 0 0 0 0 0 0 0 0 0 0 0 0 0 0 0 0 0 0 0 0 0 0 0 0 0 0 0 0 0 0 0 0 0 0 0 0 0 0 0 0 0 0 0 0 1 0 0 0 0 0 0 0 0 0 0 0 0 0
1805893273237280530018818149917778734299812844090123089476006298343250657408275772904580208741506848367296357114917728015389359274772170342063772606267940834504839227149810436105840652524976371766694012498516525182866246523524777856102227699 0 0 0 0 0 0 0 0 0 0 0 0 0 0 0 0 0 0 0 0 0 0 0 0 0 0 0 0 0 0 0 0 0 0 0 0 0 0 0 0 0 0 0 0 0 0 0 0 0 0 0 0 0 0 0 0 0 0 0 0 0 0 0 0 0 0 1 0 0 0 0 0 0 0 0 0 0 0 0
3057176042579988732582959040984813496766168438664540302223235311080596867214972224231854663477414531798890615329443506368694941400520327347882354701115389268747086046752798425651669074617879163279632901126456660607165678077198304928490855642 0 0 0 0 0 0 0 0 0 0 0 0 0 0 0 0 0 0 0 0 0 0 0 0 0 0 0 0 0 0 0 0 0 0 0 0 0 0 0 0 0 0 0 0 0 0 0 0 0 0 0 0 0 0 0 0 0 0 0 0 0 0 0 0 0 0 0 1 0 0 0 0 0 0 0 0 0 0 0
1094457835189375744471153224489482686576334330416445817071351824202648664755422254830483849346673452582749286034058812897067814495025247593428719880232212179566863792495689172053316832526925778423730030436049050000788913151767905090899630548 0 0 0 0 0 0 0 0 0 0 0 0 0 0 0 0 0 0 0 0 0 0 0 0 0 0 0 0 0 0 0 0 0 0 0 0 0 0 0 0 0 0 0 0 0 0 0 0 0 0 0 0 0 0 0 0 0 0 0 0 0 0 0 0 0 0 0 0 1 0 0 0 0 0 0 0 0 0 0
1548398956110304428416991891000376989849032132327188166731674500232331939122917416015358125192808008305332787977231209197860701017981088552645792353035633867544124234552052288073427262415977392105474687811221158685885662817346197010204939456 0 0 0 0 0 0 0 0 0 0 0 0 0 0 0 0 0 0 0 0 0 0 0 0 0 0 0 0 0 0 0 0 0 0 0 0 0 0 0 0 0 0 0 0 0 0 0 0 0 0 0 0 0 0 0 0 0 0 0 0 0 0 0 0 0 0 0 0 0 1 0 0 0 0 0 0 0 0 0
3080498853408835041527759939878860589812998311332911833060214815748572920340097044109855015897994199835524508506208891962974589594215264270917928246472832863785214685192805518009629115713843831120124146348607491496328413845743510839154517398 0 0 0 0 0 0 0 0 0 0 0 0 0 0 0 0 0 0 0 0 0 0 0 0 0 0 0 0 0 0 0 0 0 0 0 0 0 0 0 0 0 0 0 0 0 0 0 0 0 0 0 0 0 0 0 0 0 0 0 0 0 0 0 0 0 0 0 0 0 0 1 0 0 0 0 0 0 0 0
1633346432127380641029257586065172576587517354066899887611576349069811221969094292810361432648601756797389630691481113041017750311548083212804958015386258926961218959181884314496283482299193631420281256373273139146718556782935086504584580905 0 0 0 0 0 0 0 0 0 0 0 0 0 0 0 0 0 0 0 0 0 0 0 0 0 0 0 0 0 0 0 0 0 0 0 0 0 0 0 0 0 0 0 0 0 0 0 0 0 0 0 0 0 0 0 0 0 0 0 0 0 0 0 0 0 0 0 0 0 0 0 1 0 0 0 0 0 0 0
2101640406785011231044310461906914432131835358977276951252564202189943776080642980472338491830930849276310248171071683449257088910968932686878700440068435946880648729878063775774577535811384651465877814746132811772142550651461227038538742372 0 0 0 0 0 0 0 0 0 0 0 0 0 0 0 0 0 0 0 0 0 0 0 0 0 0 0 0 0 0 0 0 0 0 0 0 0 0 0 0 0 0 0 0 0 0 0 0 0 0 0 0 0 0 0 0 0 0 0 0 0 0 0 0 0 0 0 0 0 0 0 0 1 0 0 0 0 0 0
4333357990864602414012173895545835336584982871525001413735422607935914876361635334168199314298022643896482606583221661966068767969561502598397364708993644802327382912620722350118419825927823831412109317951537473025823135512603523680488701475 0 0 0 0 0 0 0 0 0 0 0 0 0 0 0 0 0 0 0 0 0 0 0 0 0 0 0 0 0 0 0 0 0 0 0 0 0 0 0 0 0 0 0 0 0 0 0 0 0 0 0 0 0 0 0 0 0 0 0 0 0 0 0 0 0 0 0 0 0 0 0 0 0 1 0 0 0 0 0
4148744465939576503791285336725622389346283183934396313401001526730704262334902466368954130148878844121683505542496288398658191178229780155485249721530751786512954972218673405658388651285303136647107371366600712443400895887006415021219866230 0 0 0 0 0 0 0 0 0 0 0 0 0 0 0 0 0 0 0 0 0 0 0 0 0 0 0 0 0 0 0 0 0 0 0 0 0 0 0 0 0 0 0 0 0 0 0 0 0 0 0 0 0 0 0 0 0 0 0 0 0 0 0 0 0 0 0 0 0 0 0 0 0 0 1 0 0 0 0
3288213611622731349725039935417685089896286979478041175711826678129988914469222254523372842503284083367334628952479742041944120978011746913940304132637637271897805003247599382410646482941031353112652736906104007483062776374538288683829393144 0 0 0 0 0 0 0 0 0 0 0 0 0 0 0 0 0 0 0 0 0 0 0 0 0 0 0 0 0 0 0 0 0 0 0 0 0 0 0 0 0 0 0 0 0 0 0 0 0 0 0 0 0 0 0 0 0 0 0 0 0 0 0 0 0 0 0 0 0 0 0 0 0 0 0 1 0 0 0
766309463327267446836280215871768524262383816763530930844758296846937268854706840114405949257390691107695057154608020815141746810050117147398473771644977438069900960087118957953979857461943662297798721872241379782158337859317039701608451483 0 0 0 0 0 0 0 0 0 0 0 0 0 0 0 0 0 0 0 0 0 0 0 0 0 0 0 0 0 0 0 0 0 0 0 0 0 0 0 0 0 0 0 0 0 0 0 0 0 0 0 0 0 0 0 0 0 0 0 0 0 0 0 0 0 0 0 0 0 0 0 0 0 0 0 0 1 0 0
4297439002415932595289271970709558546480073410104808691687385157297072958436885714793494653254177456049239921733110665294672578279409695611882812388108634505322418650834865534175260234499638367461958475890629219448804369532351200032635093516 0 0 0 0 0 0 0 0 0 0 0 0 0 0 0 0 0 0 0 0 0 0 0 0 0 0 0 0 0 0 0 0 0 0 0 0 0 0 0 0 0 0 0 0 0 0 0 0 0 0 0 0 0 0 0 0 0 0 0 0 0 0 0 0 0 0 0 0 0 0 0 0 0 0 0 0 0 1 0
308509128754938487036925223127642941289794368763317621139036741180763100641841466770175386153761808350847065490926215338785010318811003267460048525769150424489791100439230249206020263595045366028327836946874653508847765952376913775443986668 0 0 0 0 0 0 0 0 0 0 0 0 0 0 0 0 0 0 0 0 0 0 0 0 0 0 0 0 0 0 0 0 0 0 0 0 0 0 0 0 0 0 0 0 0 0 0 0 0 0 0 0 0 0 0 0 0 0 0 0 0 0 0 0 0 0 0 0 0 0 0 0 0 0 0 0 0 0 1
